119793532	0002	2024-05-04T01:00	200	3400
119039877	0005	2024-05-04T14:30	7000	0
119289099	0005	2024-03-20T17:15	7000	0
119289105	0005	2024-03-17T18:50	7000	0
119753471	0005	2024-06-09T21:10	9000	0
119753472	0005	2024-06-09T21:10	9000	0
119753473	0005	2024-06-09T21:10	9000	0
119754276	0005	2024-06-09T21:10	9000	0
120050567	0005	2024-06-22T01:00	8000	0
120050545	0006	2024-05-09T20:45	50	3400
119358611	0007	2024-05-28T10:30	4000	3400
119986625	0007	2024-06-17T02:05	2000	8500
119986626	0007	2024-06-17T02:05		8500
119109717	0013	2024-04-15T03:20	200	0
119109719	0013	2024-04-15T03:20	200	0
119109723	0013	2024-04-15T03:20	200	0
119863004	0013	2024-05-27T08:00	200	0
119863005	0013	2024-05-29T05:15	200	0
119639114	0014	2024-02-29T15:25	2000	
119863008	0014	2024-05-29T04:50	9000	0
119892323	0014	2024-05-29T04:50		8500
119892324	0014	2024-05-29T04:50		8500
119892325	0014	2024-06-09T18:40	9000	0
119892326	0014	2024-05-29T04:50	9000	0
119953714	0014	2024-05-29T04:50		8500
118994128	0019	2024-04-30T15:45	150	3400
118776960	0036	2024-04-17T10:45		3400
119358461	0036	2024-05-24T10:40		
119392401	0036	2024-05-17T19:35	9000	0
119704369	0036	2024-05-21T16:15	9000	0
119863009	0036	2024-05-21T16:15	9000	0
120019251	0036	2024-05-17T19:50	9000	0
120039836	0036	2024-05-28T19:30	9000	0
120039839	0036	2024-05-16T18:05	1500	0
120050509	0036	2024-06-26T19:18	10	3400
118750992	0037	2024-04-16T18:00	10000	8500
118814129	0037	2024-04-23T10:10	9000	0
118814130	0037	2024-04-24T10:20	9000	0
118814131	0037	2024-04-02T13:55	9000	0
118814132	0037	2024-04-24T14:40	9000	0
118814133	0037	2024-04-24T14:40	9000	0
118814134	0037	2024-04-24T14:40	9000	0
118841290	0037	2024-04-12T19:40	9000	0
118841291	0037	2024-04-13T17:45	9000	0
118841292	0037	2024-04-13T20:35	9000	0
118841293	0037	2024-04-13T20:35	9000	0
118841294	0037	2024-04-16T18:00	1000	
118934690	0037	2024-04-12T15:50	9000	0
118964255	0037	2024-04-27T15:40	9000	0
119006491	0037	2024-01-07T17:30	9000	0
119026961	0037	2024-01-08T18:20	9000	0
119026962	0037	2024-01-07T17:30	9000	0
119026963	0037	2024-01-07T17:30	9000	0
119026964	0037	2024-01-31T10:40	9000	0
119026965	0037	2024-01-24T22:00	9000	0
119026966	0037	2024-01-07T09:50	9000	0
119039858	0037	2024-04-20T14:45	9000	0
119055993	0037	2024-01-15T13:40	9000	
119055994	0037	2024-02-02T16:15	9000	0
119055995	0037	2024-02-02T16:15	9000	0
119055996	0037	2024-01-08T13:20	9000	0
119190084	0037	2024-04-23T19:20	9000	0
119477369	0037	2024-05-13T09:30	9000	0
119477370	0037	2024-05-25T14:55	9000	0
119491762	0037	2024-05-14T09:45	9000	0
119491763	0037	2024-05-23T09:45	9000	0
119491764	0037	2024-05-21T15:40	9000	0
119491765	0037	2024-05-19T16:10	9000	0
119491766	0037	2024-05-25T13:10	9000	0
119491767	0037	2024-05-21T15:45	9000	0
119504498	0037	2024-05-13T09:30	9000	0
119517541	0037	2024-05-25T17:15	9000	0
119537273	0037	2024-05-19T20:40	9000	0
119585475	0037	2024-05-09T12:55	9000	0
119585476	0037	2024-04-19T11:45	9000	0
119585477	0037	2024-05-16T11:50	9000	0
119589171	0037	2024-05-23T15:30	9000	0
119595208	0037	2024-05-19T16:10	9000	0
119595209	0037	2024-05-17T08:45	9000	0
119605338	0037	2024-05-25T14:50	9000	0
119610838	0037	2024-05-25T23:40	9000	0
119610839	0037	2024-05-23T23:10	9000	0
119610841	0037	2024-05-28T11:30	9000	0
119610844	0037	2024-05-28T11:30	9000	0
119610845	0037	2024-05-24T16:30	9000	0
119639117	0037	2024-05-12T23:35	9000	0
119639118	0037	2024-05-12T23:35	9000	0
119642914	0037	2024-05-15T20:45	9000	0
119663870	0037	2024-01-12T17:25	9000	0
119663871	0037	2024-05-28T11:15	9000	0
119663874	0037	2024-05-14T18:25	9000	0
119663876	0037	2024-05-23T14:20	9000	0
119682288	0037	2024-05-31T13:50	9000	0
119682289	0037	2024-05-30T10:45	9000	0
119694480	0037	2024-05-29T10:50	9000	0
119694481	0037	2024-05-29T10:50	9000	0
119746030	0037	2024-06-01T11:30	9000	0
119746031	0037	2024-06-04T11:00	9000	0
119746032	0037	2024-06-04T09:30	9000	0
119746033	0037	2024-06-04T14:10	9000	0
119754263	0037	2024-06-04T13:40	9000	0
119767324	0037	2024-06-04T00:05	9000	0
119767325	0037	2024-06-03T12:20	9000	0
119767327	0037	2024-06-03T13:25	9000	0
119767329	0037	2024-06-03T09:20	9000	0
119767330	0037	2024-06-01T20:15	9000	0
119767331	0037	2024-05-29T10:50	9000	0
119767332	0037	2024-06-03T09:45	9000	0
119767333	0037	2024-06-03T09:50	9000	0
119767334	0037	2024-06-01T09:45	9000	0
119786962	0037	2024-05-10T20:30	9000	0
119799180	0037	2024-05-31T12:35	9000	0
119799185	0037	2024-05-31T12:35	9000	0
119799186	0037	2024-05-31T17:35	9000	0
119819914	0037	2024-06-01T20:15	9000	0
119819916	0037	2024-05-25T13:10	9000	0
119819917	0037	2024-05-29T10:50	9000	0
119819919	0037	2024-05-31T20:25	9000	0
119819922	0037	2024-05-31T12:20	9000	0
119834193	0037	2024-06-01T20:40	9000	0
119834195	0037	2024-06-01T20:15	9000	0
119834198	0037	2024-05-15T20:45	9000	0
119892330	0037	2024-06-11T23:20	9000	0
119892331	0037	2024-05-31T13:50	9000	0
119892332	0037	2024-06-09T18:40	9000	0
119892333	0037	2024-06-27T17:20	9000	0
119921731	0037	2024-05-28T17:30	9000	0
119921732	0037	2024-06-15T10:20	9000	0
119953716	0037	2024-05-19T20:40	9000	0
119953717	0037	2024-06-15T10:50	9000	0
119980270	0037	2024-06-08T10:40	9000	0
119980272	0037	2024-05-25T14:50	9000	0
119986593	0037	2024-05-26T11:15	9000	0
119986594	0037	2024-05-25T14:50	9000	0
119986595	0037	2024-06-12T10:30	9000	0
120019253	0037	2024-06-07T15:30	9000	0
120019267	0037	2024-06-01T20:29	9000	0
120019270	0037	2024-06-08T10:40	2000	0
120019272	0037	2024-06-07T16:10	2000	0
120039835	0037	2024-06-08T10:40	9000	0
120039837	0037	2024-05-28T17:30	9000	0
120050510	0037	2024-06-07T16:10	9000	0
120050512	0037	2024-05-28T17:30	9000	0
120069550	0037	2024-06-11T13:40	9000	0
120081051	0037	2024-06-18T10:00	9000	0
120081052	0037	2024-06-18T13:00	9000	0
120081053	0037	2024-06-08T17:45	9000	0
120081054	0037	2024-06-12T10:30	9000	0
120015218	0042	2024-06-05T12:00	100	8500
120019247	0042	2024-06-05T12:00	100	8500
119568457	0044	2024-05-16T06:20	13000	
119767322	0044	2024-05-16T17:40	13000	0
119799179	0044	2024-05-21T19:35	2000	0
119863003	0044	2024-05-10T19:00	17000	1700
119863006	0044	2024-05-21T19:35	2000	0
119974477	0044	2024-05-28T13:00	2000	0
119974478	0044	2024-05-29T18:50	2000	0
119974479	0044	2024-05-28T13:00	2000	0
119974480	0044	2024-05-25T22:55	2000	0
119986596	0044	2024-05-27T18:25	2000	0
120015215	0044	2024-05-25T22:55	2000	0
120015216	0044	2024-05-29T18:30	13000	0
120015217	0044	2024-05-28T13:00	2000	8500
120050513	0044	2024-05-29T18:50	13000	0
120050514	0044	2024-05-29T18:50	13000	0
119605341	0045	2024-05-11T20:00	18000	0
119704368	0045	2024-05-11T20:00	18000	0
120050522	0047	2024-05-16T17:30	15000	0
119605339	0065	2024-05-10T23:00	10000	0
119863007	0065	2024-05-01T02:30	500	0
120004511	0065	2024-05-10T23:00	10000	
120019245	0065	2024-06-01T02:30	500	3400
120050515	0065	2024-05-31T01:00	17000	1700
120050520	0065	2024-05-31T01:00	17000	1700
120050524	0065	2024-06-01T02:30	500	3400
120081057	0065	2024-05-09T00:15	10000	0
119039861	0066	2024-01-25T23:10	1000	0
119055997	0066	2024-01-25T23:10	1000	
119376422	0067	2024-05-16T16:00	15000	13600
119377363	0067	2024-05-16T17:05	1500	8500
119377364	0067	2024-05-16T17:05	1500	8500
119377365	0067	2024-05-16T17:05	1500	8500
119377366	0067	2024-05-16T16:00	15000	8500
119404893	0067	2024-05-16T16:00	15000	8500
119404894	0067	2024-05-16T16:00	15000	8500
119535613	0067	2024-05-15T18:40	16000	8500
119535615	0067	2024-05-15T18:40	16000	8500
119545913	0067	2024-05-15T18:40	16000	8500
118917959	0068	2024-05-05T23:00	10	13600
119159865	0068	2024-05-05T23:00	10	13600
118917958	0069	2024-04-22T08:30	4500	0
118917961	0069	2024-04-18T10:50	4500	0
118917962	0069	2024-04-22T08:30	4500	0
119377358	0069	2024-05-18T23:05	17000	8500
119404897	0069	2024-05-16T15:10	4500	3400
119414268	0069	2024-05-18T23:05	17000	8500
120059511	0071	2024-06-18T09:40	3000	3400
120107615	0079	2024-06-17T07:55	10000	8500
119377359	0084	2024-05-16T16:25	5	8500
119377360	0084	2024-05-16T16:25	5	8500
119377361	0084	2024-05-16T16:25	5	8500
119414269	0084	2024-05-16T16:25	5	8500
119414270	0084	2024-05-16T16:25	5	8500
119899368	0089	2024-06-07T21:40	20000	8500
119899370	0089	2024-06-07T21:40	20000	8500
119899371	0089	2024-06-07T21:40	20000	8500
119899373	0089	2024-06-07T21:40	20000	8500
119899374	0091	2024-06-09T21:30	18000	8500
119899376	0091	2024-06-09T21:30	18000	8500
119182404	0096	2024-04-30T20:00	300	8500
119182410	0096	2024-04-30T20:00	300	8500
119850295	0098	2024-05-16T12:20	1400	8500
119859777	0098	2024-05-16T12:20	1400	8500
119377362	01	2024-05-22T07:30	5	3400
119404896	0106	2024-05-14T00:45		3400
119662480	0107	2024-05-29T21:20	10000	8500
119662481	0107	2024-05-29T21:20	10000	8500
119859775	0107	2024-05-29T21:20	10000	8500
118917953	02	2024-04-22T09:25	150	13600
119190146	02	2024-04-22T09:25	150	13600
119222283	02	2024-04-22T09:25	150	8500
119899380	02	2024-06-10T11:00	5	8500
119899382	02	2024-06-10T11:00	5	8500
118906953	03	2024-05-01T08:00	1000	8500
119195564	03	2024-05-01T08:00	1000	13600
118802591	06	2024-04-26T13:00	15000	0
118802592	06	2024-04-26T13:00	15000	0
118802593	06	2024-04-24T23:20	15000	0
118802594	06	2024-04-25T22:10	15000	0
118802595	06	2024-04-25T22:10	15000	0
118802596	06	2024-04-24T13:40	15000	0
118802597	06	2024-04-22T17:00	15000	0
118802598	06	2024-04-22T12:20	15000	0
118802601	06	2024-04-22T17:00	15000	0
118802604	06	2024-04-27T10:00	15000	0
118802605	06	2024-04-27T10:00	15000	0
118802606	06	2024-04-24T13:40	15000	0
118802607	06	2024-04-22T23:15	15000	0
118802608	06	2024-04-24T17:00	15000	0
118802609	06	2024-04-24T17:00	15000	0
118802610	06	2024-04-22T12:35	15000	0
118802611	06	2024-03-18T17:00	15000	0
118802612	06	2024-04-17T18:50	15000	0
118802613	06	2024-04-17T18:50	15000	0
118802614	06	2024-03-18T17:00	15000	0
118802615	06	2024-04-22T12:20	15000	0
119003436	06	2024-05-07T14:00	15000	0
119003437	06	2024-05-09T00:40	15000	0
119003438	06	2024-05-09T00:40	15000	0
119003439	06	2024-05-10T14:40	15000	0
119003440	06	2024-05-10T17:30	15000	0
119006615	06	2024-05-10T17:30	15000	0
119006621	06	2024-05-09T00:40	15000	0
119026969	06	2024-05-11T15:15	15000	0
119035176	06	2024-04-15T16:00	15000	0
119035177	06	2024-04-13T22:00	15000	0
119040009	06	2024-04-07T15:20	25000	0
119040010	06	2024-04-11T21:50	15000	0
119040011	06	2024-04-20T13:00	15000	0
119040012	06	2024-04-15T16:00	15000	0
119040013	06	2024-04-15T16:40	15000	0
119040014	06	2024-04-19T15:30	15000	0
119040015	06	2024-04-09T19:45	15000	0
119056002	06	2024-04-15T16:40	15000	0
119152492	06	2024-05-16T20:00	15000	0
119152493	06	2024-05-16T20:00	15000	0
119152494	06	2024-05-17T11:00	15000	0
119152495	06	2024-04-09T17:00	25000	0
119152496	06	2024-04-09T17:00	25000	0
119190208	06	2024-04-16T18:00	15000	0
119190209	06	2024-04-09T17:00	25000	0
119195645	06	2024-04-09T18:50	15000	0
119195646	06	2024-04-15T16:00	15000	0
119195647	06	2024-04-12T19:25	15000	0
119346087	06	2024-05-23T19:15	15000	0
119346090	06	2024-05-23T19:15	15000	0
119346092	06	2024-05-25T15:20	15000	0
119346093	06	2024-05-22T14:35	15000	0
119346094	06	2024-05-02T16:40	15000	0
119346095	06	2024-05-02T19:00	15000	0
119346096	06	2024-04-29T21:55	15000	0
119346097	06	2024-05-23T00:00	15000	0
119346098	06	2024-04-28T21:00	15000	0
119346099	06	2024-04-28T23:35	15000	0
119406010	06	2024-05-28T19:00	15000	0
119414339	06	2024-05-26T23:15	15000	0
119471306	06	2024-06-01T20:20	15000	0
119471307	06	2024-05-15T12:00	15000	0
119471308	06	2024-05-14T04:00	15000	0
119491875	06	2024-05-18T01:15	15000	0
119491876	06	2024-05-18T01:15	15000	0
119491877	06	2024-05-15T14:45	15000	0
119537325	06	2024-05-15T14:45	15000	0
119639307	06	2024-06-03T18:20	15000	0
119639308	06	2024-06-03T18:20	15000	0
119639309	06	2024-06-06T00:40	15000	0
119643171	06	2024-05-17T23:50	15000	0
119643173	06	2024-05-17T23:50	15000	0
119643175	06	2024-05-14T23:00	15000	0
119643177	06	2024-05-16T11:00	15000	0
119643179	06	2024-05-14T23:00	15000	0
119910579	06	2024-03-24T10:20	25000	0
119910580	06	2024-06-15T01:00	15000	0
119910581	06	2024-06-14T22:00	15000	0
119910582	06	2024-06-11T01:00	15000	0
119910583	06	2024-06-09T19:20	15000	0
119910584	06	2024-06-11T19:50	15000	8500
119910585	06	2024-06-11T19:50	15000	8500
119917947	06	2024-06-09T19:20	15000	0
119948288	06	2024-06-16T16:40	15000	0
119948290	06	2024-06-16T16:40	15000	0
119948292	06	2024-06-16T21:40	15000	3400
119953822	06	2024-06-22T22:30		0
119953823	06	2024-06-22T22:30		0
119953824	06	2024-06-16T02:00		0
119953825	06	2024-06-21T11:10	15000	3400
119974556	06	2024-04-29T16:40	15000	0
119974557	06	2024-04-29T16:40	15000	0
119597259	1	2024-04-02T21:50	800	8500
120107422	1	2024-06-10T21:45	30	8500
119832665	101	2024-04-27T06:40	300	3400
118829538	103	2024-04-02T20:10	300	8500
118949427	103	2024-04-02T20:10	300	8500
118949456	103	2024-03-27T07:35	300	3400
119086136	103	2024-02-05T19:40	300	8500
119215188	107	2024-03-03T00:50	200	8500
119313517	107	2024-03-01T04:40	50	8500
119313518	107	2024-03-01T04:40	50	8500
119359095	107	2024-03-05T01:40	400	0
119438830	107	2024-03-05T01:40	400	8500
119897442	107	2024-04-17T05:30	300	8500
120040453	107	2024-04-17T05:40	320	8500
118814726	108	2024-03-09T01:00	250	8500
118922521	108	2024-03-09T01:00	250	8500
119057299	108	2024-04-19T10:40		0
119215187	108	2024-03-16T01:30	3000	3400
119289846	108	2024-04-11T14:30	16000	3400
119438824	108		250	8500
119438827	108	2024-03-12T22:20	16000	3400
119438840	108	2024-04-15T11:00	16000	3400
119569218	108	2024-04-03T19:50	2700	0
119569219	108	2024-04-03T19:50	2700	0
119727669	108	2024-04-22T10:50	16000	3400
120072399	108	2024-04-29T11:30		8500
120072401	108	2024-04-29T11:30		8500
118860415	110	2024-04-09T14:25	2000	0
119040454	110	2024-04-26T13:00	1700	1700
118803067	112	2024-04-14T00:10	4500	8500
118949454	112	2024-02-23T13:10	4500	0
118998006	112	2024-02-23T22:25	5000	0
119086125	112	2024-04-14T00:10	4500	8500
119109740	112	2024-04-24T00:35	4500	8500
119438810	112	2024-03-30T20:40	250	8500
119597841	112	2024-05-16T07:05	4500	8500
119597843	112	2024-05-06T10:15	2000	3400
119832631	112	2024-05-06T13:30	4500	8500
119832659	112	2024-05-16T07:05	4500	8500
119832662	112	2024-05-27T22:55	5500	3400
119832663	112	2024-05-21T01:05	4500	8500
119897443	112	2024-05-05T01:25	5000	8500
119944650	112	2024-04-14T00:10	4500	8500
119975301	112	2023-10-25T22:40	4500	0
120072409	112	2024-04-29T19:10	200	
119727664	113	2024-04-22T21:55	600	8500
119727665	113	2024-04-22T21:55	600	8500
119727666	113	2024-04-22T21:55	600	8500
120009245	113	2024-04-22T21:55	600	8500
120009256	113	2024-04-22T21:55	600	8500
120009257	113	2024-04-22T21:55	600	8500
119379847	114	2024-02-28T21:25	900	3400
119944648	114	2024-04-10T23:00	2000	8500
119944654	114	2024-04-10T23:00	2000	8500
119975303	120	2024-04-27T07:40	50	8500
119975304	120	2024-04-27T07:40	50	8500
118769839	126	2022-03-15T00:40	50	0
119451410	130	2024-03-09T03:20	6000	3400
118922520	133	2024-03-14T20:25	100	8500
119849662	135	2024-05-19T19:00	100	
118878098	137	2024-04-14T16:45	200	8500
118878099	137	2024-04-14T16:45	200	8500
118878100	137	2024-04-14T23:55	200	8500
118909746	137	2024-04-14T23:55	1200	8500
119289764	137	2024-04-19T14:50	500	11050
119599902	138	2024-06-05T18:05	100	10200
119911197	138	2024-06-05T18:05	100	8500
119438836	140	2024-04-28T22:10	10	3400
118783044	143	2024-01-05T06:30	460	0
118860425	143	2024-04-09T20:48	800	8500
118860426	143	2024-04-09T20:48	800	8500
119787735	147	2024-05-13T01:45	70	8500
119911152	147	2024-05-13T01:45	70	8500
119911155	147	2024-05-13T01:40	70	8500
119237044	148	2024-05-17T20:45	200	8500
119942861	149	2024-05-01T15:20	8000	0
118757233	150	2024-02-28T08:50		-1
118949682	150	2024-04-24T09:10		3400
118977279	150	2024-04-22T11:25		8500
119182934	150	2024-04-22T11:25		8500
119346742	150	2024-05-13T15:00		8500
119406484	150	2024-05-13T15:00		8500
119406489	150	2024-04-14T10:00		
119406490	150	2024-05-13T15:00		8500
119406491	150	2024-05-16T12:30		-1
119406494	150	2024-05-12T08:15		5100
119472557	150	2024-05-13T15:00		10200
119491273	150	2024-05-21T15:00	1000	3400
119521824	150	2024-05-12T09:20		3400
119651474	150	2024-05-16T12:30		8500
119664703	150	2024-02-28T08:50		3400
119664708	150	2024-05-18T22:25	3500	8500
119664709	150	2024-05-18T22:25	3500	8500
119680111	150	2024-05-18T22:25	3500	8500
119807303	150	2024-05-18T22:25	3500	10200
120040587	150	2024-05-18T22:25	3500	8500
120081623	150	2024-05-18T22:25	3500	8500
120100119	150	2024-05-31T10:25		0
118770008	151	2024-03-01T00:50		8500
118996441	151	2024-04-25T05:10		8500
118998121	151	2024-05-03T10:25		8500
119064671	151	2024-04-25T14:30	125	8500
119064674	151	2024-04-25T05:10	75	
119132748	151	2024-05-03T10:25		10200
119359314	151	2024-05-14T15:20		8500
119406474	151	2024-04-25T05:10	75	10200
119406485	151	2024-05-16T19:10		8500
119406486	151	2024-05-14T15:20		8500
119439048	151	2024-05-19T16:35		5100
119451874	151	2024-05-16T19:10		8500
119521821	151	2024-05-21T09:15		3400
119883223	151	2024-03-28T19:30		0
119922581	151	2024-06-07T10:10		3400
120004639	151	2024-05-03T22:40		3400
120040585	151	2024-06-01T14:15		3400
119276871	152	2024-04-12T00:50		8500
118770009	169	2024-04-25T10:45		5100
119148623	169	2024-05-14T15:50	7000	11050
119148848	169	2024-05-02T07:35		5100
119289762	169	2024-05-14T15:50	7000	11050
119289798	169	2024-05-14T15:50	7000	10200
119472555	169	2024-05-11T11:40		5100
119680109	169	2024-05-22T10:30		8500
119727785	169	2024-06-02T09:55		5100
119955599	169	2024-06-09T13:00		8500
120008161	169	2024-06-09T13:10		8500
120040589	169	2024-05-28T11:45		8500
119086106	170	2024-04-10T22:40	5000	3400
119311612	170	2024-03-24T00:40	6000	13600
119942668	170	2024-06-13T14:00	6000	11050
119064500	171			8500
119064502	171			8500
118770006	172	2024-04-23T04:50	800	5100
118938746	172	2024-04-21T17:40	2000	8500
118996444	172	2024-04-21T17:40		8500
119064672	172	2024-04-21T17:40	2000	13600
119064673	172	2024-05-13T19:40	2000	8500
119182919	172	2024-05-13T19:40	2000	8500
119975286	172	2024-06-17T16:05	200	10200
120040415	172	2024-06-17T16:05	200	11050
120040417	172	2024-06-17T16:05	200	11050
118878108	176	2024-04-15T19:40	50	8500
119538144	176	2024-05-25T20:35	100	10200
119789957	176	2024-05-25T20:35	100	11050
119789960	176	2024-05-25T20:35	100	11050
119883121	176	2024-06-14T00:40	50	10200
119911180	176	2024-05-25T20:35	100	8500
119911194	176	2024-06-14T09:00	50	10200
119942670	176	2024-06-14T09:00	50	11050
119975272	176	2024-06-14T09:00	50	11050
119975275	176	2024-06-14T00:40	50	10200
120040433	176	2024-06-14T09:10	50	11050
120040435	176	2024-06-14T00:40	50	11050
119911188	177	2024-05-30T14:20	100	8500
119911189	177	2024-05-30T14:20	100	8500
118803039	178	2024-04-26T14:10	1000	11050
119276760	178	2024-04-26T14:10	1000	8500
119540806	178	2024-05-30T22:35	1200	10200
119789967	178	2024-05-30T22:35	1200	13600
119911176	178	2024-05-30T22:35	1200	8500
119313497	181	2024-03-27T22:40	100	8500
118805558	183	2024-03-26T20:30	183	13600
118805560	183	2024-03-26T20:30	183	13600
118860405	183	2024-03-26T20:30	500	8500
118909747	184	2024-04-15T16:00	500	8500
119132219	184	2024-04-15T16:00	500	8500
119882492	185	2024-05-03T13:40		8500
118737734	187	2024-04-11T19:50	4000	11050
118805547	187	2024-03-31T10:20	4000	3400
118805551	187	2024-03-18T09:00	4000	
118878107	187	2024-04-11T19:50	4000	8500
118909748	187	2024-04-17T09:15	7000	5100
118922518	187	2024-05-05T21:15	4000	10200
118936941	187	2024-05-05T08:20	4000	10200
119028418	187	2024-05-05T08:20	4000	10200
119057287	187	2024-04-04T11:15	4000	3400
119064373	187	2024-05-09T08:40	7000	10200
119064374	187	2024-05-09T08:40	7000	10200
119078524	187	2024-04-19T09:35	7000	5100
119078525	187	2024-04-21T01:10	4000	5100
119132221	187	2024-04-16T06:45	7000	8500
119132223	187	2024-04-16T09:30	7000	8500
119148618	187	2024-04-24T08:50	7000	
119148619	187	2024-04-23T11:20	4000	
119161159	187	2024-04-08T07:00	4000	3400
119161162	187	2024-04-17T08:55	4000	3400
119161173	187	2024-05-10T02:15	4000	5100
119237043	187	2024-05-17T21:15	7000	10200
119237045	187	2024-05-18T09:20	7000	10200
119237047	187	2024-05-17T21:15	7000	10200
119276758	187	2024-04-26T06:05	7000	8500
119276759	187	2024-04-26T06:05	7000	8500
119289766	187	2024-03-23T21:30	4000	
119289767	187	2024-05-10T20:45	4000	11050
119289768	187	2024-05-09T08:30	7000	11050
119289769	187	2024-05-10T12:50	4000	
119289771	187	2024-05-09T08:40	7000	11050
119289773	187	2024-05-10T20:45	4000	11050
119289774	187	2024-05-12T08:40	7000	11050
119289775	187	2024-05-12T08:00	7000	11050
119289776	187	2024-05-09T08:30	7000	11050
119289777	187	2024-05-12T08:40	7000	11050
119289778	187	2024-05-12T08:40	7000	11050
119289780	187	2024-05-08T10:15	7000	11050
119289781	187	2024-05-09T20:40	4000	11050
119289782	187	2024-05-05T21:15	4000	11050
119289800	187	2024-05-18T08:45	7000	10200
119289801	187	2024-05-18T09:20	7000	10200
119313513	187	2024-02-07T14:00	4000	13600
119346606	187	2024-05-22T08:40	7000	10200
119346607	187	2024-05-22T08:40	7000	10200
119438785	187	2024-05-07T08:15	7000	8500
119438786	187	2024-05-07T08:15	7000	8500
119438794	187	2024-05-05T21:15	4000	8500
119438795	187	2024-05-02T09:15	7000	8500
119472370	187	2024-04-29T09:10	7000	8500
119472371	187	2024-04-29T09:10	7000	8500
119491020	187	2024-01-27T15:00	4000	0
119491023	187	2024-04-18T13:50	4000	0
119538142	187	2024-05-24T05:55	7000	10200
119538143	187	2024-05-24T05:55	7000	10200
119538148	187	2024-05-23T08:40	7000	10200
119550636	187	2024-04-29T21:10	4000	0
119679858	187	2024-06-08T06:00	7000	10200
119679859	187	2024-06-08T06:00	7000	10200
119727654	187	2024-06-12T06:55	7000	10200
119756973	187	2024-05-16T06:50	7000	-1
119787734	187	2024-05-19T09:20	7000	8500
119787736	187	2024-05-17T09:10	7000	8500
119789962	187	2024-06-01T06:10	7000	11050
119789963	187	2024-06-06T08:50	7000	11050
119789965	187	2024-05-12T08:00	7000	11050
119789968	187	2024-06-12T06:55	7000	11050
119852295	187	2024-06-02T09:10	7000	3400
119852308	187	2024-06-01T06:10	7000	8500
119883120	187	2024-05-14T14:55	7000	0
119911124	187	2024-05-18T08:40	7000	3400
119911131	187	2024-05-18T08:45	7000	8500
119911132	187	2024-05-18T08:45	7000	8500
119911133	187	2024-05-08T10:15	7000	8500
119911134	187	2024-05-08T07:15	7000	3400
119911135	187	2024-05-09T20:40	4000	8500
119911136	187	2024-05-09T20:40	4000	8500
119911137	187	2024-05-17T09:10	7000	8500
119911138	187	2024-05-18T09:20	7000	8500
119911142	187	2024-05-19T09:20	7000	8500
119911149	187	2024-05-14T08:25	7000	3400
119911157	187	2024-05-17T10:10	7000	3400
119911160	187	2024-05-20T08:50	7000	3400
119911172	187	2024-05-27T08:30	7000	3400
119911173	187	2024-05-31T08:40	7000	3400
119911184	187	2024-05-29T10:55	7000	3400
119911185	187	2024-05-30T05:50	7000	8500
119911187	187	2024-05-30T05:50	7000	8500
119911193	187	2024-06-03T09:10	7000	5100
119975287	187	2024-06-18T15:15	9000	10200
120009212	187	2024-06-08T06:00	7000	8500
120042993	187	2024-06-18T15:15	9000	11050
118909749	188	2024-04-15T16:15	500	5100
118739795	195	2024-04-27T14:15	300	13600
118879677	196	2024-05-04T06:40	300	10200
118996279	196	2024-05-04T06:40	300	11050
119132217	196	2024-04-04T18:35	600	8500
119289783	196	2024-05-02T05:35	700	11050
119289784	196	2024-05-02T05:35	700	11050
119378258	196	2024-05-22T03:50	4000	10200
119756958	196	2024-04-04T18:35	600	
119789966	196	2024-05-11T07:40	400	
118737736	197	2024-04-09T23:00	7000	11050
118776812	197	2024-03-25T22:20	300	13600
118776814	197	2024-03-25T22:20	300	1700
118805545	197	2024-03-25T22:20	300	13600
118805554	197	2024-03-27T18:35	200	13600
118805556	197	2024-03-29T00:20	400	13600
118828311	197	2024-03-29T00:20	400	13600
118878101	197	2024-04-15T09:30	600	5100
118878103	197	2024-04-09T23:00	7000	8500
118878106	197	2024-04-09T23:00	7000	8500
118878114	197	2024-03-27T18:35	200	8500
118878117	197	2024-03-27T18:35	200	8500
118878120	197	2024-05-03T21:00	400	10200
118878122	197	2024-05-03T21:00	400	10200
119028419	197	2024-05-05T01:30	400	11050
119080424	197	2024-04-20T02:30	800	11050
119161154	197	2024-04-09T23:00	7000	8500
119161156	197	2024-04-09T23:00	7000	13600
119161158	197	2024-04-04T21:35	2000	8500
119276756	197	2024-04-26T08:05	50	8500
119289802	197	2024-05-22T00:35	500	10200
119313477	197	2024-03-25T22:20	300	8500
119323601	197	2024-05-22T00:35	500	10200
119346608	197	2024-05-22T00:35	500	11050
119359058	197	2024-05-22T00:35	500	11050
119378255	197	2024-05-22T00:35	500	11050
119378256	197	2024-05-22T00:35	500	11050
119378257	197	2024-05-22T00:35	500	11050
119438793	197	2024-05-05T06:35	1100	5100
119538146	197	2024-05-22T00:35	500	10200
119540809	197	2024-05-21T21:45	500	5100
119599894	197	2024-05-05T01:30	400	8500
119679855	197	2024-06-07T07:15	300	5100
119679856	197	2024-06-06T19:30	300	5100
119789956	197	2024-05-26T00:25	800	11050
119911168	197	2024-05-27T04:40	800	
119911174	197	2024-05-26T00:25	800	8500
119911177	197	2024-05-30T22:35	400	8500
119911196	197	2024-06-15T12:20	900	10200
119911200	197	2024-03-27T18:35	200	8500
119942667	197	2024-06-15T12:20	900	11050
119975274	197	2024-06-15T12:20	900	10200
120009200	197	2024-03-15T23:45	3000	13600
120040434	197	2024-06-15T12:20	900	11050
118875778	198	2024-02-08T14:00		-1
118891760	198	2024-02-08T14:00		8500
118891761	198	2024-02-08T14:00		8500
118891762	198	2024-02-08T14:00		8500
119109368	198	2024-05-05T22:25	200	5100
119148622	198	2024-05-13T19:25	60	11050
119161174	198	2024-05-07T23:30	70	5100
119180905	198			8500
119289785	198	2024-04-30T07:10	300	
119289787	198	2024-04-27T20:20	400	
119346615	198	2024-05-03T04:35	200	0
119451616	198	2024-04-14T20:00		0
119651315	198	2024-04-24T16:40		3400
119805880	198	2024-06-09T03:15	250	
119911153	198	2024-05-13T19:25	60	8500
119975273	198	2024-06-13T05:05	50	
118737726	199	2024-04-23T21:50	70	11050
118860411	199	2024-04-25T01:10	70	10200
119276757	199	2024-04-25T01:10	70	8500
118954126	2	2024-04-25T21:30	2000	8500
119568460	2	2024-05-17T22:00	18000	
119610842	2	2024-05-17T22:00	15000	
119682290	2	2024-05-11T01:40	1500	0
119799181	2	2024-05-21T01:50	1800	0
119834199	2	2024-05-11T04:20	1500	0
119863002	2	2024-05-11T04:20	1500	0
120004510	2	2024-05-17T22:00	15000	
120050523	2	2024-05-21T01:50	1800	0
119148626	200	2024-05-14T05:35	300	11050
119148627	200	2024-05-14T05:35	300	11050
119148628	200	2024-05-14T05:35	300	11050
119180906	200	2024-04-08T22:10		3400
119257927	200	2024-04-10T14:15		0
119289779	200	2024-05-11T03:30	400	
119323755	200	2024-04-14T14:25		0
119359170	200	2024-04-14T14:25		0
119438787	200	2024-05-07T09:35	300	5100
119550629	200	2024-05-31T04:15	50	11050
119609874	200	2024-06-06T11:55	300	5100
119911150	200		300	8500
119911166	200	2024-05-31T04:15	50	8500
119911190	200	2024-05-31T04:15	50	8500
120040414	200	2024-06-19T01:40	200	
120040416	200	2024-06-18T21:35	1100	11050
120042991	200	2024-06-18T21:35	1100	11050
120042992	200	2024-06-18T21:35	1100	11050
120042994	200	2024-06-18T21:35	1100	11050
119742124	201			0
119742125	201			0
119832757	201	2024-04-12T07:10		5100
119015937	202	2024-03-01T12:55		0
119015940	202	2024-03-01T12:55		0
119024900	202	2024-03-03T09:20		3400
119024902	202			8500
119058818	202	2024-01-13T07:25	15	13600
119064495	202	2024-03-01T12:55		0
119064496	202	2024-03-01T12:55		0
119064497	202	2024-03-01T12:55		0
119161172	202	2024-05-11T01:30	50	5100
119194416	202			8500
119194425	202			8500
119491152	202			8500
119491154	202			8500
119540810	202	2024-05-17T06:45	450	5100
119540811	202	2024-05-17T06:45	450	8500
119651319	202			0
119911125	202	2024-05-16T20:20	1200	3400
118805548	203	2024-03-31T07:50	400	3400
118879675	203	2024-05-04T06:40	50	5100
118996277	203	2024-05-01T00:40	2000	10200
118996278	203	2024-05-01T00:40	2000	10200
119057288	203	2024-04-04T20:00	50	
119057290	203	2024-04-04T20:00	50	8500
119148624	203	2024-05-15T06:20	500	11050
119148625	203	2024-05-15T06:20	500	11050
119237046	203	2024-05-19T09:30	500	10200
119276761	203	2024-04-28T06:45	400	8500
119289772	203	2024-05-12T00:20	500	
119313503	203	2024-01-02T12:05	800	13600
119323753	203	2024-04-19T11:50		3400
119323765	203	2024-03-31T12:25		3400
119474166	203	2024-04-14T07:40	200	0
119521551	203	2024-05-29T10:30	100	11050
119521552	203	2024-05-29T10:30	100	10200
119766221	203		400	8500
119787737	203	2024-05-19T09:30	500	8500
119806097	203	2024-05-26T12:55	4000	8500
119911116	203	2024-05-01T00:40	2000	8500
119911117	203	2024-04-28T06:45	400	8500
119911191	203	2024-05-29T10:30	100	8500
120026048	203		700	
119311621	205	2024-03-21T21:45	70	13600
119679861	205	2024-06-10T07:55	50	10200
119679863	205	2024-06-10T07:55	50	10200
119679864	205	2024-06-10T07:55	50	10200
119132786	207	2024-05-10T11:50		3400
119346737	207	2024-05-11T09:45		8500
119346751	207	2024-05-18T20:00		
119348803	207	2024-05-18T20:00		
119359318	207	2024-05-11T09:45		8500
119406483	207	2024-05-14T19:15		
119406487	207	2024-05-11T09:45		8500
119408488	207	2024-05-12T14:30		-1
119521837	207	2024-05-09T01:30		3400
119696109	207	2024-05-13T14:40		8500
119942849	213		6000	3400
118878085	214	2024-04-27T11:15	4000	10200
118878086	214	2024-04-22T07:40	2000	
118878087	214	2024-04-10T14:20	2500	11050
118878088	214	2024-04-27T11:15	4000	10200
118878112	214	2024-04-27T11:15	4000	10200
118878115	214	2024-04-10T14:20	2500	10200
119077778	214	2024-03-20T20:25	3500	8500
119132272	214	2024-03-20T20:25	3500	8500
119313473	216	2024-04-02T17:30	1500	8500
119313474	216	2024-04-02T17:30	1500	8500
119323613	216	2024-04-20T17:35		3400
119911178	216	2024-04-04T06:00	3500	8500
118860403	217	2024-03-14T22:40	1500	0
118938636	217	2024-02-27T07:50	1500	8500
119086101	217	2024-04-19T00:35	2300	3400
119311606	217	2024-03-14T22:40	1500	13600
119311615	217	2024-03-15T00:00	1700	1700
119311617	217	2024-03-14T22:40	1500	13600
119852309	217	2024-03-15T00:00		
119182801	224	2024-05-05T00:50	300	10200
119289770	224	2024-05-05T00:50	300	11050
119852296	224	2024-05-12T01:25	150	3400
119852297	224	2024-05-18T03:05	300	8500
119852302	224	2024-05-18T03:05	300	8500
119911179	224	2024-05-05T00:50	300	8500
119182782	228	2024-03-25T22:30	200	5100
119438788	231	2024-04-25T16:10	700	5100
119977569	233	2024-04-27T15:30	7000	0
119727766	234	2024-05-16T13:55	150	3400
118723130	235		300	0
118825807	235	2024-03-30T20:45	6000	3400
119230740	235	2024-04-11T20:50	700	3400
119595585	235	2024-04-21T10:00	5000	0
119610102	235	2024-03-30T15:40	6000	3400
119610139	235	2024-05-06T21:10	6000	0
119742184	235	2024-04-27T12:25	5000	8500
119942830	235	2024-05-07T20:35	3000	3400
119955533	235	2024-04-27T22:25	6000	8500
120040565	235	2024-03-09T09:50	5000	0
120102101	235		5000	3400
118805549	240	2024-03-25T08:40	240	13600
118922700	240	2024-02-21T12:00	5000	3400
119289786	240	2024-03-20T10:40	1300	
119599896	240	2024-05-10T07:55	1500	5100
119651162	240	2024-05-30T06:50	1500	8500
119911120	240	2024-04-07T08:55	1500	
120040427	240	2024-06-06T16:50	1500	
120102028	240	2024-06-19T17:10	1500	10200
119680110	241	2024-05-25T05:50	50	8500
119911175	242	2024-05-22T06:20	1500	3400
119911192	242	2024-05-19T13:55	5000	5100
119942676	242	2024-05-26T11:40	5000	0
120008001	242	2024-06-14T17:55	2000	10200
120052644	242	2024-06-14T17:55	2000	11050
119016085	246	2024-05-03T15:00	600	8500
119016086	246	2024-05-03T15:00	600	8500
119016087	246	2024-05-03T15:00	600	8500
119016088	246	2024-05-03T15:00	600	8500
119132750	246	2024-05-03T15:00	600	10200
118737813	254	2024-04-21T19:20	100	3400
118737815	254	2024-04-20T13:50	1500	8500
118776916	254	2024-03-21T20:20	150	0
118783103	254	2024-04-18T17:30	1000	-1
118814769	254	2024-04-23T12:00	150	8500
118814770	254	2024-04-25T17:55	150	3400
118891830	254	2024-04-10T17:40	50	3400
119015990	254	2024-04-20T13:50	1500	8500
119015997	254	2024-05-02T01:30	100	3400
119040582	254	2024-04-19T11:20	100	0
119058909	254	2024-05-02T02:00	100	0
119086262	254	2024-04-23T12:00	150	8500
119132509	254	2024-05-02T00:30	100	3400
119132511	254	2024-05-02T01:00	100	3400
119257960	254	2024-05-14T17:20	100	3400
119289941	254	2024-04-23T12:00	150	8500
119680009	254	2024-05-18T13:00	200	3400
119863866	254	2024-06-08T21:20	5000	3400
119922508	254	2024-06-14T02:30	5000	0
119922512	254	2024-06-13T11:50	1500	3400
119922513	254	2024-04-18T15:50	1500	-1
119942784	254	2024-06-09T18:30	5000	3400
119491193	255	2024-05-19T20:00	100	8500
118769965	256	2023-12-28T10:50	10	
119727765	256	2024-05-19T20:10	250	3400
119912857	257	2024-06-13T20:00	100	3400
118977144	259	2023-12-29T12:50	1000	0
118977245	259	2024-03-01T22:00	3000	0
119132577	259	2024-03-31T13:55	3000	3400
119182784	259	2024-04-17T18:25	250	8500
119230649	259	2024-05-11T15:00	50	8500
119311698	259	2024-05-11T15:00	50	8500
119389991	259	2024-04-14T04:40	10	13600
119610101	259	2024-04-10T23:15	3000	3400
119680026	259	2024-04-10T23:15	3000	3400
119821919	259	2024-05-05T10:30	20	3400
119912856	259	2024-04-28T12:20	10	3400
118825812	260	2024-04-12T16:05	3000	8500
118848858	260	2024-04-21T16:20	2500	
118860534	260	2024-03-30T19:35	2500	3400
118891888	260	2024-04-20T16:20	2500	0
118977208	260	2024-04-21T16:20	2500	0
119194570	260	2024-04-27T10:35	3500	0
119194598	260	2024-04-25T21:15	3000	3400
119313489	260	2024-04-02T10:55	150	3400
119439038	260	2024-04-27T08:00	3000	3400
119538211	260	2024-05-02T07:15	3000	10200
119698211	260		3500	0
119754810	260	2024-06-13T11:00	70	8500
119754814	260	2024-06-07T03:50	70	8500
119757008	260	2024-06-07T03:50	70	8500
119852307	260	2024-06-01T00:45	200	8500
120009308	260	2024-05-02T16:15	3000	8500
118814763	261	2024-04-25T00:20	100	8500
118814764	261	2024-04-25T00:20	100	8500
118814765	261	2024-04-25T00:20	100	8500
118949529	261	2024-04-29T14:35	100	3400
119040591	261	2024-04-25T00:20	100	8500
119058908	261	2024-05-10T14:20	100	3400
119132481	261	2024-05-09T13:00	100	0
119132524	261	2024-05-02T09:50	1000	8500
119161397	261	2024-05-10T15:40	1000	3400
119161398	261	2024-05-02T09:50	1000	8500
119194514	261	2024-05-09T11:20	100	3400
119217192	261	2024-05-09T13:00	100	0
119230648	261	2024-05-12T10:00	100	3400
119230650	261	2024-05-12T11:40	100	8500
119230654	261	2024-05-12T10:00	100	3400
119257968	261	2024-05-02T09:50	1000	8500
119258048	261	2024-05-06T07:33	20	3400
119276827	261	2024-04-25T00:20	100	8500
119276828	261	2024-04-25T00:20	100	8500
119311695	261	2024-05-10T21:15	200	3400
119323836	261	2024-05-11T11:20	100	3400
119389795	261	2024-05-23T13:10	100	3400
119418782	261	2024-05-26T08:30		3400
120043124	261	2024-06-17T16:00	10	3400
120052793	261	2024-06-18T16:00	50	3400
120059790	261	2024-06-16T12:30	600	8500
120081580	261	2024-06-16T12:30	600	8500
119028495	262	2024-05-04T00:20	100	8500
119028496	262	2024-05-04T00:20	100	8500
119040577	262	2024-05-03T14:10	100	0
119064544	262	2024-05-08T01:10	100	8500
119064545	262	2024-05-08T01:10	100	8500
119078606	262	2024-05-03T18:40	100	8500
119132518	262	2024-05-05T20:30	100	0
119194490	262	2024-05-05T20:30	100	0
119194511	262	2024-05-03T18:40	100	8500
119215298	262	2024-05-06T15:30	100	3400
119217194	262	2024-05-05T20:30	100	0
119230679	262	2024-05-12T14:40	100	3400
119230680	262	2024-05-14T16:00	100	8500
119257958	262	2024-05-16T03:00	100	3400
119257961	262	2024-05-15T15:40	100	3400
119257962	262	2024-05-14T16:00	100	8500
119257964	262	2024-05-19T00:20	100	8500
119266910	262	2024-05-13T10:20	100	3400
119266911	262	2024-05-19T00:20	100	8500
119276831	262	2024-05-09T16:00	100	3400
119346681	262	2024-05-21T23:00	100	3400
119359216	262	2024-05-25T00:30	100	0
119406384	262	2024-05-09T00:20	100	3400
119418781	262	2024-05-24T14:50	100	3400
119418783	262	2024-05-25T00:30	100	8500
119418800	262	2024-05-23T09:00	100	0
119451659	262	2024-05-25T17:40	100	0
119521717	262	2024-05-25T16:20	100	3400
119599991	262	2024-05-31T14:50	100	8500
119610051	262	2024-06-07T10:50	100	
119666788	262	2024-05-20T17:20	100	3400
120059792	263	2024-06-18T10:00	50	3400
119610100	264	2024-04-03T15:15	60	3400
119015998	265	2024-04-26T00:10	100	8500
119086261	265	2024-04-26T00:10	100	3400
119266909	265	2024-05-12T18:40	50	3400
119289935	265	2024-05-15T20:00	50	8500
119313593	265	2024-05-15T20:00	50	8500
119569352	265		70	3400
119806060	265	2024-06-04T19:55	50	3400
119040610	266	2024-04-03T23:45	650	3400
119237141	266	2024-05-19T20:20	100	3400
119550770	266	2024-05-27T21:00	200	3400
119610121	266	2024-04-06T09:30	500	0
119662124	266	2024-05-29T18:40	50	8500
119662126	266	2024-05-29T18:40	50	8500
119724549	266	2024-05-29T18:40	50	8500
119942785	266	2024-05-29T18:40	50	8500
119987203	266	2024-05-31T01:43	600	3400
119742228	267	2024-05-04T15:15	700	3400
118723016	268	2024-04-16T19:50	1000	8500
118737812	268	2024-04-16T19:50	1000	8500
118922664	268	2024-04-16T19:50	1000	8500
118922665	268	2024-04-16T19:50	1000	8500
120043127	268	2024-06-19T20:45		8500
120052798	268	2024-06-19T20:45	1600	8500
120052800	268	2024-06-19T20:45	1600	8500
120081579	268	2024-06-19T20:45	1600	8500
119714096	269	2024-05-28T05:25	80	8500
119746166	269	2024-05-28T05:25	80	8500
120052791	269	2024-05-26T22:10	50	3400
119404889	27	2024-05-19T14:40	15000	-1
119404890	27	2024-05-19T14:40	15000	-1
119404895	27	2024-05-14T19:20	300	3400
119451831	270	2024-05-08T22:10	150	8500
119754815	270	2024-06-04T12:50	1000	8500
119821917	270	2024-05-08T22:10	150	8500
119821963	270	2024-05-12T20:50	400	8500
119863859	270	2024-06-12T21:40	3000	8500
119863868	270	2024-06-12T21:40	30000	8500
119912855	270	2024-06-12T21:40		8500
119922511	270	2024-06-12T21:40		8500
119922518	270	2024-06-12T21:40	3000	8500
119987201	270	2024-05-26T14:40	1400	3400
119086253	271	2024-04-24T13:20	250	0
119215297	271	2024-05-03T16:05	50	3400
119664665	271	2024-04-28T11:20	250	0
119724546	271	2024-05-07T23:20	200	3400
119742149	271	2024-05-16T12:20	50	3400
119746167	271	2024-05-16T00:20	150	3400
119746168	271	2024-05-26T12:45	200	3400
120040428	271	2024-06-08T01:25	500	11050
120040429	271	2024-06-08T01:25	500	11050
118803141	272	2024-03-27T21:30	700	3400
119727767	272	2024-05-26T13:45	400	3400
119973034	272	2024-05-23T00:45	70	3400
119538234	273	2024-05-13T20:56	600	1700
119664681	274	2024-05-13T20:55	600	1700
119724556	274	2024-05-20T18:10	100	
119725360	274	2024-05-20T18:10	100	8500
119725361	274	2024-05-15T21:30	90	3400
119215296	275	2024-05-03T02:10	50	3400
119724543	276	2024-05-15T22:10	550	8500
119724544	276	2024-05-15T22:10	550	8500
119040586	279		400	-1
119058910	279	2024-04-02T19:55	400	8500
119132479	279	2024-05-04T14:25	400	3400
119132514	279	2024-04-13T17:50	50	3400
119184803	279	2024-05-10T13:20	400	0
119184806	279	2024-05-10T13:20	400	0
119215300	279	2024-05-05T22:35	400	8500
119217187	279	2024-05-10T13:20	400	0
119257967	279	2024-04-15T21:30	400	8500
119257969	279	2024-04-15T21:30	400	8500
119379888	279	2024-04-23T16:20	400	-1
119662119	279	2024-05-17T10:40	400	8500
119662120	279	2024-05-17T00:50	400	8500
119662127	279	2024-05-17T00:50	400	8500
119664666	279	2024-03-02T13:00	500	0
119693825	279	2024-05-17T00:50	400	8500
119725359	279	2024-04-23T16:20	400	
119742148	279	2024-05-17T10:40	400	8500
119610071	280	2024-05-22T13:10	6000	8500
119662122	280	2024-05-22T13:10		8500
119694514	280	2024-05-22T13:10	6000	
119289934	284	2024-05-08T12:30	50	8500
119540866	284	2024-03-23T14:45	150	8500
119595582	286	2024-04-17T08:55	800	3400
119849676	286	2024-05-10T05:55	300	3400
118825806	287	2024-04-08T18:18	650	8500
119378343	287	2024-05-05T14:55	100	3400
119714093	287	2024-05-10T10:40	1000	8500
119724548	287	2024-05-10T19:40		8500
119378345	288	2024-05-08T12:35	200	3400
119538213	288	2024-05-18T15:18	500	10200
119610099	288	2024-04-06T08:15	1100	3400
119849675	288	2024-05-15T07:25	200	8500
119161461	289	2024-05-04T11:40	800	3400
119258061	289	2024-05-08T18:10	70	8500
119418845	289	2024-03-23T16:30	800	3400
119569355	289	2024-05-08T18:10	700	8500
118737814	290	2024-04-18T10:10	1000	3400
118769934	290	2024-04-10T10:00	800	3400
118783101	290	2024-04-07T12:00	1000	3400
118922677	290	2024-04-28T12:15	1000	8500
118937037	290		1000	
119015976	290	2024-04-28T12:15	1000	0
119016000	290	2024-04-28T09:30	1000	-1
119064546	290	2024-04-28T09:30	1000	0
119064548	290	2024-05-01T11:40	500	0
119086249	290	2024-05-09T11:30	1000	0
119217189	290	2024-04-12T09:40	1000	0
119257966	290	2024-05-10T14:40	1000	
119278839	290	2024-04-19T13:00	1000	0
119278840	290	2024-04-19T13:00	1000	0
119278841	290	2024-05-04T11:20	1000	0
119278842	290	2024-05-04T11:20	1000	0
119313594	290	2024-05-12T09:20		3400
119359205	290	2024-05-23T12:30	1000	0
119406383	290	2024-05-08T10:00	1000	3400
119408468	290	2024-05-18T12:45		3400
119438971	290	2024-05-09T13:05	1000	3400
119451646	290	2024-05-10T18:40	200	3400
119472517	290	2024-05-30T20:35	50	3400
119577486	290	2024-05-24T12:50	1000	3400
119610115	290	2024-04-23T21:00	90	3400
119651375	290	2024-05-13T12:35	1000	3400
119651381	290	2024-05-17T12:20	1000	8500
119662121	290	2024-05-31T12:50		3400
119662123	290	2024-06-03T11:30	1000	0
119694515	290	2024-05-14T09:45	1000	8500
119694517	290	2024-05-17T12:20	1000	8500
119714094	290	2024-03-20T12:00	1000	3400
119714097	290	2024-05-25T15:25	1000	0
119766468	290	2024-06-08T12:50	1000	0
119806059	290	2024-06-04T12:50		8500
119806061	290	2024-05-26T12:00		3400
119863869	290	2024-06-14T10:15	1000	3400
119080422	291	2024-04-07T22:30	1500	
119595580	291		70	3400
118803048	292	2024-04-17T00:10	500	8500
119080423	292	2024-04-17T00:10	500	11050
118922676	293	2024-04-07T00:10	50	3400
119217191	293	2024-04-21T18:20	500	0
119342577	293	2024-05-12T01:50	600	8500
119438978	293	2024-05-09T11:40	1000	0
119538257	293	2024-05-12T01:50	600	8500
119852407	293	2024-05-12T01:50	600	8500
119015999	294	2024-04-11T15:45	500	0
119257950	294	2024-05-01T16:30	1100	8500
119359059	294	2024-05-15T20:00	200	11050
119359060	294	2024-05-15T20:00	200	11050
119521699	294	2024-05-01T16:30	1100	8500
119757005	295	2024-05-12T20:30	50	0
119852376	295	2024-05-25T14:30	150	10200
119852377	295	2024-05-25T14:30	150	8500
118964715	297	2028-02-28T20:45	50	8500
119595581	297		100	3400
119597904	298	2024-05-18T04:55	10	3400
119757004	298	2024-04-30T20:50	50	3400
118964722	299	2023-12-19T22:50	50	0
119080473	299	2024-02-25T19:50	50	0
118859086	3	2024-03-27T00:10	2500	
119767320	3	2024-05-15T17:45		3400
120019249	3	2024-05-15T17:45	15000	0
118803160	300	2024-04-06T06:46	200	
118937005	300	2024-03-13T16:00		3400
119408449	300	2024-04-02T12:10	50	8500
119439032	300	2024-04-06T06:00	200	8500
119569383	302	2024-05-04T11:15	100	8500
119664680	302	2024-05-04T17:25	100	1700
119664679	304	2024-04-17T21:00	400	10200
118964720	305	2024-03-29T09:05		8500
119086236	306	2024-04-29T08:40	10	3400
119132597	306	2024-04-17T12:55	100	8500
119276818	306	2024-04-21T17:00	50	8500
119538193	306	2024-04-28T10:00	100	3400
118805722	307	2024-03-26T01:47	5	10200
119278823	307	2024-04-13T16:30	50	3400
119289755	308	2024-04-15T21:45	900	
119577465	308	2024-05-03T00:10	300	8500
119824237	308	2024-05-03T00:10	300	8500
119854577	308	2024-05-03T00:10	300	8500
118964713	309	2024-02-25T19:00	1000	8500
119180934	309	2024-04-05T23:50	300	
119194599	309	2024-04-26T16:35	5000	3400
119438943	309	2024-04-01T01:30	30	3400
119538229	309	2024-05-02T14:10	5000	5100
119651447	309		20	8500
119651450	309		20	8500
119821962	309	2024-04-05T23:50	300	
118723141	310		100	3400
118949636	310	2024-04-21T16:40	250	8500
118964730	310	2024-04-11T01:15	20	3400
119086320	310	2024-04-24T16:00	500	
119408446	310	2024-04-11T22:20	20	3400
119538233	310	2024-05-03T05:40	50	5100
118879733	311	2024-03-02T10:05	40	3400
118938712	311	2024-03-29T09:20		0
118964729	311	2024-04-11T09:25		8500
119161362	311	2024-04-17T11:50	30	3400
119278816	311	2024-04-11T09:25		8500
119311682	311	2024-04-12T10:25		0
120043113	311	2024-05-01T16:00		3400
118938711	314	2024-03-30T17:00	30	0
119148785	314	2024-04-19T14:45	150	3400
119064615	319	2024-05-01T20:20		
119451776	319	2024-04-30T20:20	800	8500
118737797	320	2024-04-02T17:50		8500
118879732	320	2024-04-01T15:00	1000	3400
118908091	320	2024-03-16T17:30		0
119080478	320	2024-02-13T10:10		3400
119215279	320	2024-04-21T17:20		8500
119289909	320	2024-04-27T14:00		8500
119323797	320	2024-04-25T16:55		0
119348759	320	2024-04-21T17:20		0
119379879	320	2024-04-24T13:00		0
119379881	320	2024-04-25T16:55		0
119379882	320	2024-04-25T16:55		0
119406379	320	2024-04-26T20:20	2	0
119451623	320	2024-04-02T17:50		0
119507357	320	2024-04-24T13:00		0
119538192	320	2024-04-26T20:20		8500
119569307	320	2024-04-30T15:30		0
119597903	320	2024-04-30T20:00		3400
119696062	320	2024-04-26T20:20		8500
119787792	320	2024-04-27T15:30		3400
119787793	320	2024-04-24T22:00		0
119806033	320	2024-05-01T22:30		0
119944698	320	2024-04-27T10:10		0
119944699	320	2024-04-27T14:00		0
120009300	320	2024-05-11T15:30		3400
118998094	321	2024-02-15T20:51	400	8500
119955459	321	2024-05-06T16:10	5000	0
118977155	323	2024-01-17T20:00	500	8500
118977156	323	2024-01-17T20:33	500	3400
119595584	323	2024-04-22T04:30	1500	
119080421	325	2024-04-08T19:10	5000	11050
118977157	327	2024-01-18T00:15	900	3400
119161160	327	2024-03-02T15:10	5000	8500
120008002	327	2024-06-18T06:05	6000	
118977178	329	2024-04-05T21:50	800	3400
119863704	33	2024-05-21T11:20	5500	0
119538212	330	2024-05-05T07:15	50	10200
119696084	330	2024-05-05T07:15	50	8500
119821920	330	2024-05-05T07:15	50	8500
119379884	342	2024-04-26T15:00	100	3400
119194601	343	2024-04-29T22:10	50	8500
119973053	343	2024-04-09T22:10	50	8500
119378344	345	2024-05-11T10:30	20	3400
119466136	346		800	0
119806100	346	2024-06-08T19:30	500	8500
119806101	346	2024-06-08T19:30	500	8500
119987205	346	2024-06-08T19:30	500	8500
119276855	349	2024-04-23T19:45	50	5100
119390057	349	2024-04-24T15:00	50	5100
119451828	349	2024-05-22T23:00	50	8500
119821921	349	2024-05-22T23:00	50	8500
118996344	350	2024-04-07T15:20	3000	0
118996345	350	2024-04-07T15:20	3000	0
118964718	352	2024-03-11T16:50	1500	8500
118891912	355	2024-04-03T18:15	800	3400
119290038	356		150	3400
119451855	356	2024-05-14T06:00	30	10200
119194589	357	2024-05-05T11:45	50	3400
118996405	360	2024-02-05T22:00		8500
119538214	360	2024-05-14T04:30	50	10200
119630424	360	2024-05-15T04:30	50	8500
119161442	361	2024-04-26T13:20	350	3400
119290039	361		500	3400
119806087	361	2024-05-27T22:20	70	8500
119714119	362	2024-05-02T06:15	30	3400
119832771	362	2024-05-03T16:45	3000	8500
120043119	362	2024-05-03T17:40	3000	8500
119342564	363	2024-03-12T07:05	100	8500
118878167	364	2024-03-31T09:40		0
118878168	364	2024-03-31T09:40		0
118879727	364	2024-03-09T11:15		0
118937006	364	2024-03-03T18:10		0
118964714	364	2024-03-08T10:20		0
118964716	364	2024-03-09T08:00		0
118964717	364	2024-03-08T14:45		0
119057351	364	2024-03-28T20:20		0
119080479	364	2024-03-09T19:05		0
119237112	364	2024-04-14T09:20		0
119241165	364	2024-04-13T10:30		0
119276816	364	2024-04-12T10:15		0
119276817	364	2024-04-20T10:00	2	0
119278815	364	2024-04-14T08:20		0
119278822	364	2024-04-12T10:15		0
119278824	364	2024-04-14T09:40		0
119311685	364	2024-04-28T08:00		0
119348758	364	2024-04-29T10:20		0
119408451	364	2024-04-14T09:40		0
119508693	364	2024-04-29T10:20		8500
119569306	364	2024-04-24T10:00		0
119577455	364	2024-05-04T09:50		0
119577463	364	2024-05-02T17:20	1000	8500
119597897	364	2024-04-29T09:20		0
119597898	364	2024-04-14T09:20		0
119597899	364	2024-04-29T10:55		0
119727713	364	2024-06-01T18:30		0
119742134	364	2024-05-05T10:00		8500
119806024	364	2024-05-03T08:40		0
119832775	364	2024-05-05T10:00		0
119912840	364	2024-04-28T08:00		3400
119912843	364	2024-05-05T10:00		8500
119912846	364	2024-05-05T13:00		0
119912847	364	2024-05-05T10:00		0
119912848	364	2024-05-06T18:30		0
119955462	364	2024-05-06T18:30		0
119538228	365	2024-05-16T19:55	150	5100
119389764	375	2024-05-28T22:45	50	0
119569310	375	2024-05-28T22:45	50	0
118805563	38	2024-04-11T16:50	7000	3400
119064378	38	2024-03-21T15:55	7000	8500
119064379	38	2024-03-21T15:55	7000	8500
119086100	38	2024-04-26T14:50	7000	3400
119086103	38	2024-04-21T13:20	7000	8500
119086104	38	2024-04-20T22:05	6000	8500
119086105	38	2024-04-20T22:05	6000	8500
119086107	38	2024-04-21T13:20	7000	8500
119132264	38	2024-04-25T16:30	7000	8500
119241137	38	2024-05-02T11:50	7000	0
119323617	38	2024-04-25T16:30	7000	8500
119883123	38	2024-04-14T12:15	7000	0
119883124	38	2024-04-14T12:15	7000	0
119883125	38	2024-04-14T14:45	7000	0
119883126	38	2024-04-14T14:45	7000	0
120043114	384	2024-05-03T20:00	800	3400
119883189	386	2024-06-16T15:30	200	0
119883190	386	2024-06-16T15:30	200	0
119161360	387	2024-04-10T11:00	2000	3400
118937017	388	2024-04-14T11:35	400	5100
119148766	388	2024-04-07T15:40		0
119161358	388	2024-04-25T19:05		3400
119289895	388	2024-04-29T17:30	9000	0
119311684	388	2024-04-11T15:50	100	3400
119577462	388	2024-05-01T16:15	15000	8500
119610007	388	2024-05-01T16:15	15000	8500
120009299	388	2024-05-07T07:00	12000	3400
120043115	388	2024-05-01T15:30		8500
120069914	388	2024-05-01T15:30		8500
119359082	39	2024-04-20T07:55	700	3400
119184784	390	2024-04-21T16:05	5000	8500
119787794	390	2024-04-21T16:05	5000	0
118805564	40	2024-04-10T15:25	7000	8500
118805565	40	2024-04-10T15:25	7000	8500
119241135	40	2024-04-04T14:00	7000	0
118737794	400	2024-04-01T18:35		0
118878163	400	2024-03-23T22:25		0
118908092	400	2024-03-22T16:20		3400
118937008	400	2024-03-23T22:10		3400
119182849	400	2024-04-05T19:10		0
119569320	400	2024-04-29T18:30		0
119577459	400	2024-05-03T14:30		0
119577460	400	2024-05-03T14:30		0
119610006	400	2024-05-04T19:30		8500
119698193	400	2024-05-04T19:30		0
119714044	400	2024-05-05T16:30		3400
119806035	400	2024-05-03T14:30		0
119987090	400	2024-05-10T10:00		0
119987093	400	2024-06-07T13:00		0
119086221	404	2024-04-28T20:00	5000	8500
119241164	404	2024-04-16T07:20	2000	3400
119278819	404	2024-04-18T19:53	5000	0
119348756	404	2024-05-19T22:10	10	5100
119472469	404	2024-04-24T10:00	2500	3400
119472470	404	2024-04-29T11:00	5000	0
119521680	404	2024-04-29T11:00		0
119832766	404	2024-05-02T12:00	500	0
119832767	404	2024-05-01T11:30	5000	0
119942775	404	2024-05-05T14:00	5000	8500
120040530	404	2024-05-01T22:45	5000	0
120043117	404	2024-05-02T12:00	500	0
119577461	405	2024-05-02T11:30		8500
119610010	405	2024-05-02T11:30		8500
119742131	405	2024-05-05T17:00		0
119742132	405	2024-05-06T13:00		0
119742136	405	2024-05-05T11:00		8500
119832774	405	2024-05-05T17:00		0
119852379	405	2024-05-06T13:00		0
119912845	405	2024-05-05T11:00		8500
119912851	405	2024-05-06T13:00		0
119975338	405	2024-05-05T17:15	10000	8500
119975339	405	2024-05-05T17:15	10000	8500
119987097	405	2024-05-05T11:00		0
120069911	405	2024-05-05T17:10		0
120069912	405	2024-05-05T17:10		0
120069916	405	2024-05-05T12:00		8500
119078601	406	2024-04-27T18:00	5000	8500
119078604	406	2024-04-27T11:00		3400
119080477	406	2024-03-31T11:50		0
119086223	406	2024-04-27T18:00	5000	8500
119086237	406	2024-04-27T18:00	5000	8500
119182850	406	2024-04-17T12:00	2000	0
119278817	406	2024-05-13T14:20	10000	8500
119278818	406	2024-04-17T22:00	10000	8500
119278821	406	2024-04-17T12:00	2000	0
119311679	406	2024-04-27T23:00		8500
119323795	406	2024-04-27T23:00		8500
119323799	406	2024-04-27T14:50		0
119379890	406	2024-04-27T14:50		0
119569308	406	2024-04-27T18:00	5000	8500
119597901	406	2024-04-28T13:00		3400
119610011	406	2024-05-02T10:00		8500
119610012	406	2024-05-02T10:00		8500
119727715	406	2024-05-06T22:00		0
119729713	406	2024-05-06T17:00		0
119852380	406	2024-05-06T17:00		0
119912849	406	2024-05-09T08:00		0
119912850	406	2024-05-06T17:00		0
119942771	406	2024-04-30T14:00		0
119944697	406	2024-04-27T23:00		8500
119955457	406	2024-05-07T12:00		0
119975335	406	2024-05-05T20:00		0
119975337	406	2024-05-06T22:00		0
119975342	406	2024-05-07T16:10	10000	3400
119987096	406	2024-05-06T17:00		0
120043116	406	2024-05-02T10:00		3400
120069913	406	2024-05-09T08:00		8500
120069917	406	2024-05-06T19:00		0
120069918	406	2024-05-06T19:00		0
119987095	407	2024-05-08T09:00	4000	3400
119086230	408	2024-04-30T11:00		8500
119086234	408	2024-04-30T11:00		8500
119148765	408	2024-04-17T15:45	2500	3400
119182861	408	2024-04-28T22:00	5000	3400
119379886	408	2024-04-29T11:00		3400
119696064	408	2024-05-03T12:00		8500
119806025	408	2024-05-04T20:00		0
119806037	408	2024-05-03T12:00		0
119852381	408	2024-05-04T19:00		0
119852382	408	2024-05-04T19:00		0
119912841	408	2024-04-30T15:00		3400
120040531	408	2024-05-03T12:00		0
120040532	408	2024-05-03T12:00		0
118937016	410	2024-04-13T20:05		8500
118964728	410	2024-04-13T20:05		8500
119078603	410	2024-04-30T10:30		8500
119132444	410	2024-04-30T10:30		8500
119132446	410	2024-04-28T10:00		0
119148756	410	2024-04-12T20:30	200	0
119161348	410	2024-04-13T16:25		3400
119241161	410	2024-04-19T10:40		8500
119241162	410	2024-04-19T10:40		8500
119278820	410	2024-04-10T11:00		0
119289897	410	2024-04-27T19:10		3400
119311683	410	2024-04-12T20:30	200	8500
119323794	410	2024-04-27T19:30		8500
119346653	410	2024-04-16T12:30		0
119379877	410	2024-04-28T16:00		0
119408447	410	2024-04-16T12:30		0
119418776	410	2024-04-12T17:35		8500
119507358	410	2024-04-20T13:05		0
119521678	410	2024-04-27T19:30		0
119577457	410	2024-05-03T12:20		0
119577458	410	2024-05-01T11:40		0
119597902	410	2024-04-27T19:30		8500
119610003	410	2024-05-03T07:00		3400
119630362	410	2024-04-17T15:25	4000	0
119651342	410	2024-04-12T17:35		8500
119727712	410	2024-05-06T21:40		0
119727714	410	2024-05-06T02:00		3400
119787796	410	2024-05-03T22:30		0
119787808	410	2024-05-01T17:30		0
119806034	410	2024-05-03T19:00		0
119852374	410	2024-04-30T14:00	6000	8500
119852383	410	2024-06-01T09:00		0
119912839	410	2024-04-30T11:00		0
119944696	410	2024-04-13T16:30		3400
119955456	410	2024-05-06T21:40		0
119975341	410	2024-05-17T09:50		0
119975344	410	2024-05-17T09:50		0
119977535	410	2024-05-17T09:50		0
119977536	410	2024-05-17T09:50		0
119977537	410	2024-05-11T13:30		0
120009297	410		7000	8500
120009298	410		7000	8500
120040533	410	2024-05-03T22:30		0
120043118	410	2024-04-30T14:00		0
119742135	411	2024-06-01T19:45	12000	8500
119912844	411	2024-06-01T19:45	12000	8500
119955458	411	2024-06-01T19:45	12000	0
119057352	413	2024-03-19T08:30	4000	8500
119276819	413	2024-04-29T19:30		8500
119283664	413	2024-04-18T22:15	30000	-1
119283668	413	2024-04-11T14:15	30000	-1
119283669	413	2024-04-11T14:15	30000	-1
119283670	413	2024-04-18T10:20	30000	-1
119283671	413	2024-04-18T10:20	30000	-1
119283672	413	2024-04-18T22:15	30000	-1
119283673	413	2024-04-18T13:10	30000	-1
119283674	413	2024-04-18T15:45	30000	-1
119283675	413	2024-04-18T15:45	30000	-1
119288096	413	2024-04-18T22:15	30000	-1
119288098	413	2024-04-11T17:25	30000	-1
119289896	413	2024-04-29T23:15	6000	8500
119516500	413	2024-03-20T00:40	5500	3400
119521679	413	2024-04-29T19:30		0
119597900	413	2024-04-29T19:30	6000	0
119636247	413	2024-04-21T12:55	30000	0
119636248	413	2024-04-21T12:55	30000	0
119641877	413	2024-04-23T13:10	30000	0
119641878	413	2024-04-20T15:00	30000	0
119757006	413	2024-06-15T15:45		
119797799	413	2024-04-29T13:50		0
119797800	413	2024-04-29T10:30		0
119798007	413	2024-04-23T13:10	30000	0
119819378	413	2024-03-20T00:10	15000	
119819379	413	2024-03-20T00:10	15000	
119819383	413	2024-04-29T18:55		0
119819384	413	2024-04-29T17:10		0
119819385	413	2024-04-30T10:10		0
119819386	413	2024-04-29T09:30		0
119852378	413	2024-06-01T21:20		0
119883191	413	2024-06-15T15:30	500	0
119883193	413	2024-06-15T15:30	500	0
119897042	413	2024-04-29T09:30	30000	
119912842	413	2024-04-29T23:15	6000	8500
119974107	413	2024-04-26T20:00	30000	
119975343	413	2024-05-09T18:55	5000	3400
120008074	413	2024-06-06T16:30		0
120074864	413	2024-05-04T12:10		0
120074865	413	2024-05-04T12:10		0
120074866	413	2024-05-04T12:10		0
120074867	413	2024-05-01T09:05		0
120074868	413	2024-05-01T09:05		0
120080008	413	2024-05-01T09:05		0
120080009	413	2024-05-04T12:10		0
120080012	413	2024-05-07T10:20		0
120080013	413	2024-05-07T10:20		0
120080014	413	2024-05-09T20:20		0
120080015	413	2024-05-08T10:45		0
120080016	413	2024-05-13T14:00		0
119861633	415	2024-04-05T18:45	100	3400
118748205	418	2024-03-11T17:50		
118808961	418	2024-02-13T19:30		0
119158506	418	2024-03-08T18:10		0
119158515	418	2024-03-08T18:10		0
119236059	418	2024-03-13T17:20	12000	
119516492	418		12000	
119516493	418	2024-03-08T18:10	20000	
119516494	418	2024-03-08T18:10	20000	
119516497	418		12000	
119897444	42	2024-05-22T08:10	300	3400
118860427	43	2024-04-09T12:40	4000	0
118912431	434	2024-02-24T10:40		-1
119321761	434	2024-03-11T17:40		-1
119351548	434	2024-04-16T19:20		0
119641624	434	2024-04-01T13:50		0
119641626	434	2024-04-01T09:40		0
119797798	434	2024-04-27T13:00		0
119819382	434	2024-04-28T17:00		0
119861625	434	2024-04-16T19:20	20000	
119891320	434	2024-04-28T16:00		0
119891321	434	2024-04-28T16:00		0
119941431	434	2024-04-06T13:30	20000	
119985216	434	2024-04-15T16:10	30000	
120004200	434	2024-05-01T20:30	20000	
120080010	434	2024-05-06T16:30		0
119941430	442	2024-04-09T15:40	20000	
119792549	468	2024-04-30T18:10		0
119792550	468	2024-04-30T18:10		0
119819380	468	2024-04-29T00:20		0
120096907	468			0
120096908	468	2024-05-08T21:45		0
120096909	468	2024-05-08T21:45		0
119707192	471		7000	
118732599	488	2024-02-26T20:10	900	8500
118732600	488	2024-02-26T20:10	900	8500
119256183	488	2024-04-03T17:40		0
119351547	488	2024-04-15T17:25		0
119351549	488	2024-04-10T11:35	8000	0
119882479	5	2024-06-15T19:10	100	3400
118783041	50	2022-02-24T05:30	4000	3400
118886987	506	2024-03-30T13:30	4000	3400
119454541	528	2024-05-03T10:40	20	3400
119682353	546	2024-05-25T21:45		0
119682354	546	2024-05-25T21:45		0
119682355	546	2024-05-25T21:45		0
119682356	546	2024-05-25T21:45		0
119123335	564	2024-04-29T18:10	500	3400
119152455	565	2024-02-28T02:50	3000	8500
118848458	6	2024-03-26T23:45	1000	0
118848460	6	2024-03-26T23:45	1000	0
118859085	6	2024-03-26T23:45	1000	
119109731	6	2024-03-26T23:45	1000	0
119517564	6	2024-05-26T23:10	200	3400
119194189	60	2024-03-29T14:20	4000	0
119454528	651	2024-05-01T22:20	100	-1
118745141	672			0
118745142	672			0
118745143	672			0
118745148	672	2024-04-09T19:40		0
118917944	672	2024-04-09T19:40		0
118917945	672	2024-04-10T21:25		0
119006534	672			0
119006535	672			0
119006536	672			0
119006537	672			0
119123332	672	2024-04-28T18:05		0
119123333	672	2024-04-28T18:05		0
119123336	672	2024-04-29T18:15		0
119123337	672	2024-04-26T17:50		0
119123338	672	2024-04-25T22:05		0
119123339	672	2024-04-26T12:15		0
119225017	672	2024-04-02T12:35	30000	3400
119454529	672	2024-04-28T18:05		0
119454530	672	2024-04-28T18:05		0
119454531	672	2024-04-24T13:00		0
119454532	672	2024-05-10T17:40		0
119454536	672	2024-05-07T17:25		3400
119454542	672	2024-05-08T10:40		0
119454543	672	2024-05-01T15:35		0
119454544	672	2024-05-02T12:40		0
119491794	672	2024-05-14T10:10		0
119491795	672	2024-05-13T10:05		0
119491796	672	2024-05-20T15:20		0
119491797	672	2024-05-13T16:00		0
119513703	672	2024-05-22T10:25		0
119513704	672	2024-05-21T11:00		0
119513705	672	2024-05-20T14:30		0
119549623	672	2024-05-24T15:10		0
119549624	672	2024-05-23T18:15		0
119673286	672	2024-05-25T12:25		0
119704455	672	2024-05-28T15:30		0
119704456	672	2024-05-28T17:30		0
119704457	672	2024-05-27T19:25		0
119704458	672	2024-05-28T14:30		0
119829397	672	2024-05-31T10:30		0
119834306	672	2024-06-03T17:55		0
119834317	672	2024-06-01T12:30		0
119863060	672	2024-05-30T14:10		0
119863061	672	2024-05-30T14:10		0
119940258	672			0
119940259	672	2024-06-11T14:45		0
119940260	672	2024-05-27T17:25		0
119948145	672	2024-06-06T18:00		0
119948146	672	2024-06-06T18:10		0
119948147	672	2024-06-05T13:00		0
119986644	672	2024-06-15T12:10		0
119986645	672	2024-06-14T12:20		0
119986646	672	2024-06-15T16:30		0
120019329	672	2024-06-07T20:15		0
118949457	68	2024-03-25T21:15	2000	8500
118949462	68	2024-03-25T21:15	2000	8500
119161213	68	2024-03-25T21:00	2000	8500
119313526	68	2024-03-25T21:15	2000	8500
119159860	691	2024-04-08T16:30	2000	0
119418694	70	2024-05-24T15:00		3400
119438809	70	2024-03-16T07:10	100	8500
119438856	70	2024-04-15T03:30	2000	8500
119451379	70	2024-03-16T07:10	100	8500
119451383	70	2024-04-15T03:30	2000	8500
119832629	70	2024-04-15T03:30	2000	8500
118745149	703	2024-04-04T13:50	2500	3400
118751050	703		5000	0
119039890	703		15000	0
119454533	703	2024-05-03T11:40	1500	8500
119454537	703	2024-05-03T11:40	1500	8500
119549621	703	2024-05-24T03:30		8500
119834308	703	2024-05-24T03:30		8500
119834310	703	2024-06-03T15:00	1900	8500
119834311	703	2024-06-03T15:00	1900	8500
119454539	707	2024-05-06T20:50	1000	8500
119454540	707	2024-05-06T20:50	1000	8500
119513701	714	2024-05-22T16:55	5	8500
119513702	714	2024-05-22T16:55	5	8500
119549622	714	2024-05-22T16:55	5	8500
119986643	718	2024-06-14T21:55		0
119358434	721	2024-01-23T11:40	30000	0
119549568	721	2024-03-29T20:00		0
119568434	721	2024-04-08T12:45	30000	0
119882443	721	2024-05-29T12:00		0
119882445	721	2024-05-29T12:00		0
119980225	721	2024-05-05T12:30		0
120015176	721	2024-06-10T09:45		0
120107383	721	2024-06-19T13:00		0
119195461	723	2024-04-21T04:20		0
119254179	723	2024-04-21T04:20	12000	0
119310334	723	2024-04-21T04:20	12000	0
119310338	723	2024-04-21T04:20	12000	0
119310339	723	2024-04-21T04:20	12000	0
119767298	724	2024-06-06T14:00		0
119767299	724	2024-06-06T14:00		0
119980237	724		2500	3400
119585397	725	2024-05-07T02:00		0
119585398	725	2024-05-13T10:10		0
119829278	725	2024-05-20T08:45		0
119986576	725	2024-05-30T11:10	1500	8500
120039814	725	2024-05-30T11:10	1500	8500
119190059	726	2024-04-05T21:50	1000	0
119195462	726	2024-04-06T20:50		0
119195465	726	2024-04-06T20:50		0
119980227	726	2024-05-14T19:15	800	0
119767300	729	2024-05-18T14:40	800	0
119829276	729	2024-05-12T16:35	800	0
119910517	729	2024-05-19T06:30	14000	8500
119310336	730	2024-04-28T15:10	1000	0
119910516	730		400	8500
119568428	734	2024-04-05T21:35	3000	3400
118848435	736	2024-03-17T13:30	20000	8500
118848443	736	2024-03-16T22:00	20000	8500
118884774	736	2024-03-17T13:30	20000	8500
118884777	736	2024-03-17T13:30	20000	8500
119119666	736	2024-03-20T22:50	35000	8500
119182316	736	2024-03-29T19:10	4000	8500
119190057	736	2024-04-07T17:00		0
119190058	736	2024-03-07T13:30		0
119195466	736	2024-04-22T05:30		0
119195467	736	2024-03-08T12:00		0
119195468	736	2024-03-24T08:30		0
119254162	736	2024-04-03T11:35		0
119254163	736			0
119284376	736	2024-04-03T20:30		0
119284377	736	2024-04-22T05:30		0
119284378	736	2024-03-10T20:30		0
119310321	736	2024-03-24T08:30	35000	8500
119310322	736	2024-04-06T20:50		8500
119310323	736	2024-04-06T20:50		8500
119310335	736	2024-04-22T19:55	20000	0
119310524	736	2024-02-10T17:50	9000	8500
119319286	736	2024-03-24T08:30	35000	8500
119324825	736	2024-04-19T11:15	800	3400
119346002	736	2024-04-21T04:20	18000	8500
119346004	736	2024-04-28T15:10	1000	8500
119353946	736	2024-04-29T23:50	400	3400
119545775	736	2024-03-10T12:00		0
119545776	736	2024-03-10T12:00		0
119549566	736	2024-04-04T09:00		0
119568430	736	2024-04-22T19:55	20000	8500
119568432	736	2024-03-24T08:30	35000	8500
119568435	736	2024-03-30T00:30	30000	0
119568436	736	2024-04-03T01:10	30000	0
119585399	736	2024-05-05T18:57		0
119585400	736	2024-05-11T13:00		0
119585401	736	2024-05-04T18:12		0
119585402	736	2024-05-12T12:30		0
119585403	736	2024-05-12T12:30		0
119585404	736	2024-05-09T17:35		0
119585405	736	2024-05-08T15:00		0
119585406	736	2024-05-12T00:50		0
119585407	736	2024-05-10T22:15		0
119639078	736	2024-05-12T00:50		0
119639079	736	2024-05-04T14:20		0
119673147	736	2024-05-18T05:30		0
119673148	736	2024-05-23T05:30	20000	8500
119673149	736	2024-05-03T09:10	30000	0
119673150	736	2024-05-12T19:00		0
119726976	736	2024-05-10T22:15		0
119726977	736	2024-05-16T11:20		0
119726978	736	2024-05-31T14:40		0
119726979	736	2024-05-10T14:32		0
119726980	736	2024-06-03T19:40		0
119726982	736			0
119726983	736	2024-05-16T11:20		0
119726984	736	2024-05-25T13:35		0
119726985	736	2024-05-07T13:35		0
119726987	736	2024-05-13T19:50		0
119726988	736	2024-05-20T15:30		0
119726990	736	2024-05-20T15:30		0
119726991	736	2024-05-20T15:30		0
119726992	736	2024-05-20T15:30		0
119727002	736	2024-06-03T16:00	30000	0
119754240	736	2024-05-25T22:00	30000	8500
119754241	736	2024-05-19T15:20	1000	3400
119754242	736	2024-05-20T15:20	1000	3400
119754243	736	2024-06-01T13:45		0
119754244	736	2024-05-22T12:00		0
119754245	736			0
119754246	736	2024-05-30T19:20		0
119754247	736	2024-05-06T12:35		0
119761791	736	2024-05-08T07:00	30000	3400
119761792	736	2024-05-21T19:10	600	3400
119761793	736	2024-05-14T00:00	30000	8500
119761794	736	2024-05-25T22:00	30000	8500
119761795	736	2024-05-18T18:30	800	3400
119761796	736			0
119761797	736			0
119761798	736	2024-05-06T13:25		0
119761799	736	2024-06-04T12:00		0
119767297	736	2024-06-08T06:30		0
119821196	736	2024-05-27T20:10		0
119821197	736	2024-05-27T20:10		0
119821198	736	2024-05-21T13:40		0
119821199	736	2024-05-21T13:40		0
119821200	736	2024-05-24T16:40		0
119821201	736	2024-05-08T15:00		0
119821202	736	2024-05-14T00:00		0
119821203	736	2024-05-10T14:35		0
119821204	736	2024-05-25T22:00		0
119821205	736	2024-05-12T14:00		0
119821206	736	2024-05-08T15:00		0
119821207	736			0
119821208	736	2024-06-04T11:50		0
119851711	736	2024-06-09T22:20		0
119851712	736	2024-06-09T22:20		0
119859628	736	2024-06-09T22:20		0
119882430	736	2024-05-05T13:25		0
119882431	736	2024-06-08T09:45		0
119882438	736	2024-05-14T17:00	30000	0
119882441	736	2024-04-22T01:50	30000	0
119882446	736	2024-05-23T15:30		0
119882447	736	2024-05-23T15:30		0
119892301	736	2024-06-05T16:30		0
119892304	736	2024-05-04T14:20		0
119892305	736	2024-05-28T08:30		0
119892306	736	2024-05-20T15:20		0
119892308	736	2024-05-07T14:16		0
119910514	736	2024-03-16T20:00	20000	8500
119910515	736	2024-03-08T20:50	40000	8500
119917784	736	2024-06-16T18:40	30000	0
119948054	736	2024-05-18T14:40	800	8500
119974462	736	2024-06-13T10:20	30000	0
119980226	736	2024-06-10T17:05		0
120005997	736	2024-06-17T12:45		0
120005998	736	2024-06-17T13:40		0
120005999	736	2024-06-17T07:00		0
120006000	736	2024-06-16T20:00	30000	0
120015143	736	2024-04-28T15:10	1000	8500
120015149	736	2024-06-17T07:00		0
120015150	736	2024-06-12T19:10		0
120015151	736	2024-06-17T12:45		0
120015152	736	2024-06-17T12:45		0
120015153	736	2024-06-17T13:40		0
120015154	736	2024-06-15T21:00		0
120015155	736	2024-06-14T11:15	4500	0
120015156	736	2024-06-14T13:00		0
120015157	736	2024-06-13T19:20		0
120015158	736	2024-06-14T15:30		0
120015159	736	2024-06-15T18:30		0
120015162	736	2024-06-14T11:15	4500	0
120039808	736	2024-06-11T15:25		0
120039809	736	2024-06-16T21:00		0
120039819	736	2024-05-14T00:00	30000	8500
120045893	736	2024-06-12T19:10		0
120045894	736	2024-06-15T22:00		0
120045895	736	2024-06-11T15:25		0
120045896	736	2024-06-16T17:30		0
120098620	736	2024-06-20T14:53		0
120107384	736	2024-06-22T12:30		0
120107385	736	2024-06-21T14:30		0
120107386	736	2024-06-21T14:30		0
120107387	736	2024-06-20T14:53		0
119980236	739	2024-05-12T16:30	500	3400
119195463	740			0
119310331	741	2024-04-17T17:50	5000	-1
119585408	741		1500	-1
119821192	741	2024-05-23T05:30		0
119821193	741	2024-05-23T05:30		0
119821194	741	2024-05-23T05:30		0
119821195	741	2024-05-23T05:30		0
119829277	741	2024-05-16T21:30		0
120039817	741	2024-05-16T21:30	1500	8500
119225037	742	2024-02-25T08:20	10000	
119225039	742	2024-02-25T08:20	10000	
119726998	742	2024-05-30T12:20	1000	-1
119726999	742	2024-05-30T12:20	1000	-1
119910513	742	2024-05-30T12:20	1000	-1
119123405	745	2024-05-09T01:00	800	8500
119123406	745	2024-05-09T01:00	800	8500
119123409	745	2024-05-09T01:00	800	8500
119123410	745	2024-05-09T01:00	800	8500
119310440	745	2024-02-09T01:20	10000	
119454557	745	2024-02-09T01:20	10000	0
119454558	745	2024-02-09T01:20	10000	0
119454559	745	2024-02-09T01:20	10000	0
119663913	745	2024-02-09T20:10	400	0
119663914	745	2024-04-09T21:25	1500	0
119735295	745	2024-05-18T18:30		8500
119735302	745	2024-05-18T18:30		8500
119735304	745	2024-05-18T18:30		8500
119735305	745	2024-05-19T19:05		8500
119786969	745	2024-05-18T18:30		8500
119786970	745	2024-05-19T19:05		8500
119491821	746	2024-02-10T18:20	200	
119549686	746	2024-02-22T17:20	3000	
119851764	747	2024-02-24T00:30	2500	0
119704501	752	2024-03-10T16:00		3400
119673314	754	2024-02-13T17:55	6000	0
119821248	757	2024-02-24T01:45	3000	0
119821249	757	2024-02-24T01:45	3000	0
118811475	759	2024-04-19T14:15	500	8500
118811478	759	2024-04-19T14:15	500	8500
119504508	768	2024-03-05T20:00	3500	8500
119549685	768	2024-02-22T15:00	1500	
119663915	768	2024-03-05T20:00	3500	0
119663916	768	2024-03-05T20:00	3500	0
119663917	768	2024-03-05T20:00	3500	0
119663918	768	2024-03-05T20:00	3500	0
119735379	768	2024-02-14T02:00	15000	0
119953770	768	2024-03-30T01:15	3500	0
119953773	768	2024-03-30T01:15	3500	0
119953774	768	2024-03-30T01:15	3500	0
119974533	768	2024-03-30T01:15	3500	0
119225042	772	2024-02-08T10:00	40000	
119225043	772	2024-02-08T10:00	40000	
119225044	772	2024-02-08T10:00	40000	
119225045	772	2024-02-08T10:00	40000	
119310436	772	2023-12-31T17:35	30000	
119310441	772	2024-01-23T12:10	30000	
119346165	772	2024-03-02T10:20	3	8500
119454553	772	2024-02-13T17:10	15000	0
119454554	772	2024-04-10T11:30	40000	0
119454555	772	2024-04-10T10:00	40000	0
119454556	772	2024-04-05T18:50	40000	0
119471231	772	2024-02-18T07:25	40000	
119471232	772	2024-02-14T02:00	15000	
119491820	772	2024-02-09T12:55	40000	
119491822	772	2024-02-09T12:55	40000	
119491823	772	2024-02-14T13:00	40000	
119537312	772	2024-02-16T15:30	40000	0
119537313	772	2024-02-16T15:30	40000	0
119537314	772	2024-02-16T15:30	40000	0
119663911	772	2024-02-18T07:25	40000	0
119663912	772	2024-03-02T16:40	17000	1700
119663925	772	2024-02-14T02:00	15000	0
119673301	772	2024-02-11T16:00	40000	0
119673302	772	2024-03-06T22:50	40000	0
119673303	772	2024-03-08T13:05	40000	0
119673304	772	2024-03-06T22:50	40000	0
119673305	772	2024-02-16T17:15	40000	0
119673306	772	2024-03-09T13:20	40000	0
119673307	772	2024-03-04T16:30	40000	0
119673308	772	2024-03-08T14:35	40000	0
119673309	772	2024-03-12T16:35	40000	0
119673310	772	2024-03-12T16:35	40000	0
119673311	772	2024-03-10T14:00	40000	0
119673312	772	2024-03-12T19:50	40000	0
119673313	772	2024-02-17T16:45	40000	0
119673315	772	2024-03-04T11:50	17000	1700
119673316	772	2024-03-03T17:50	17000	1700
119673317	772	2024-02-13T17:10	15000	0
119673318	772	2024-03-02T18:10	17000	1700
119673319	772	2024-03-02T22:40	40000	0
119673321	772	2024-02-14T14:00	40000	0
119673322	772	2024-03-02T16:10	17000	1700
119682389	772	2024-03-12T19:15	40000	0
119682390	772	2024-03-12T18:20	40000	0
119695712	772	2024-04-05T22:40	40000	0
119695714	772	2024-03-02T22:40	40000	0
119695715	772	2024-02-17T14:00	40000	0
119735377	772	2024-02-11T15:25	30000	0
119735378	772	2024-02-14T02:00	15000	0
119735380	772		15000	0
119859785	772	2024-02-22T12:25	30000	0
119859787	772	2024-02-25T14:00	40000	0
119859788	772	2024-02-22T12:25	30000	0
120039856	772	2024-02-27T15:45	40000	0
120039857	772	2024-02-27T15:45	40000	0
120039858	772	2024-02-25T14:00	4000	0
120039859	772	2024-02-29T20:25	40000	0
120039860	772	2024-02-29T20:25	40000	0
120039862	772	2024-02-29T20:25	40000	0
120039863	772	2024-02-25T22:50	15000	0
120039867	772	2024-02-25T22:50	30000	0
120039870	772	2024-02-27T15:45	40000	0
120069575	772	2024-02-27T15:45	40000	0
120069576	772	2024-02-25T14:00	4000	0
120069578	772	2024-02-27T12:15	40000	0
119225046	774	2024-02-08T20:00	400	
119225047	774	2024-02-08T20:10	400	
119225048	774	2024-02-08T20:10	400	
119310433	774	2024-01-25T19:30	400	
119310434	774	2024-01-25T19:30	400	
119549687	774	2024-02-22T12:25	50	
119948207	774	2024-02-22T12:25	50	8500
119859786	778	2024-02-24T15:55	2000	0
119491818	779	2024-03-02T19:05	2500	3400
119310438	780	2023-12-27T13:50	1000	
119310437	785	2023-12-27T16:00	500	
119310439	785	2023-12-27T16:00	500	
119859650	790		75000	
119549688	799	2024-02-19T17:20	10	
119727065	799	2024-02-19T17:20	10	8500
119257261	8	2024-02-14T03:10	3500	
119257270	8	2024-02-14T03:10	3500	
119673320	800	2024-02-14T01:45	10000	0
119682388	803	2024-03-12T22:20	500	8500
119704507	803	2024-03-12T22:20	500	8500
119704508	804	2024-03-04T06:00	10	3400
119257244	807	2024-05-16T21:10		8500
119257245	807	2024-05-16T21:10		8500
119257251	807	2024-05-16T17:40	5000	10200
119284405	807	2024-05-16T21:10		10200
119284406	807	2024-05-16T21:10		10200
119377296	807	2024-05-16T21:10		10200
119881016	807	2024-06-14T15:00	500	0
119881019	807	2024-06-14T15:00	500	0
119214715	808	2024-05-05T14:10	800	8500
119109664	809	2024-05-05T14:45	200	10200
119109667	809	2024-05-11T06:25	20	5100
119195494	809	2024-05-05T14:45	200	8500
119254207	809	2024-05-15T22:05	20	5100
119319304	809	2024-05-18T23:45	20	5100
119414182	809	2024-05-24T15:30	20	0
119414184	809	2024-05-25T00:10	20	10200
119414194	809	2024-05-20T19:50	40	10200
119418342	809	2024-05-25T00:10	20	10200
119418343	809	2024-05-24T15:30	20	8500
119477345	809	2024-05-20T19:50	40	10200
119490732	809	2024-05-27T21:45	20	3400
119787166	809	2024-05-15T22:05	20	-1
119832660	81	2024-05-25T19:30	4000	3400
119109646	810	2024-05-07T13:50	20	5100
119109665	810	2024-05-05T19:45	20	10200
119109666	810	2024-05-05T19:45	20	1700
119214714	810	2024-05-05T19:45	20	8500
119948078	810	2024-06-13T23:00	7000	10200
119948079	810	2024-06-13T23:00	7000	10200
118745063	812	2024-04-21T16:45	700	8500
118750927	812	2024-04-19T10:15	300	3400
118906931	822	2024-04-24T14:05	8000	3400
119109648	823	2024-05-07T15:55	2000	5100
119490733	825	2024-05-27T21:40	50	8500
119490734	825	2024-05-27T21:40	50	8500
119504496	825	2024-05-27T21:40	50	1700
119585442	825	2024-05-28T21:40	300	10200
119585443	825	2024-05-28T21:40	300	10200
119585446	825	2024-05-28T21:40	300	1700
119735249	825	2024-06-06T16:45	5000	10200
119754256	825	2024-06-06T16:45		10200
119754257	825	2024-06-06T16:45		10200
119414185	827	2024-05-24T21:40	300	10200
119414186	827	2024-05-24T21:40	300	10200
119418340	827	2024-05-24T21:40	300	10200
119418341	827	2024-05-24T21:40	300	10200
119545811	827	2024-05-28T13:20	150	5100
119639100	827	2024-05-31T22:15	150	5100
119122022	829	2024-05-08T22:25	500	8500
119147842	829	2024-05-08T22:25	500	10200
119147843	829	2024-05-08T22:25	500	10200
119224968	829	2024-04-16T23:10	3000	3400
119109668	836	2024-05-06T17:55	1800	10200
119109669	836	2024-05-06T17:55	1800	10200
119119708	836	2024-04-11T21:30		8500
119122017	836	2024-06-08T14:40		0
119122023	836	2024-05-04T14:40	3000	10200
119324852	836	2024-05-18T20:10	3000	8500
119324853	836	2024-05-18T20:10	3000	8500
119513620	836	2024-05-27T10:45	3000	5100
119639098	836	2024-06-02T23:45		10200
119642900	836	2024-06-02T23:45		10200
119793478	836	2024-06-10T18:45	3000	8500
119793481	836	2024-06-08T15:20	3000	10200
119829308	836	2024-06-14T19:00		10200
119834138	836	2024-06-14T19:00	3000	10200
119834142	836	2024-06-14T19:00	3000	10200
119899292	836	2024-06-14T21:10		0
119899294	836	2024-06-14T21:10		0
119605316	838	2024-05-30T22:10	6000	8500
119605317	838	2024-05-30T22:10	6000	3400
119605321	838	2024-05-30T22:10	6000	3400
119609992	838	2024-05-30T22:10	6000	3400
119754255	840	2024-06-05T11:00		5100
118811400	842	2024-04-27T12:15	300	0
118811401	842	2024-04-27T12:15	300	
118884818	842	2024-04-23T23:05	800	5100
118888801	842		8000	0
118944170	842	2024-04-19T17:30		0
118976594	842	2024-05-05T14:20		0
119035068	842	2024-04-19T17:30		0
119109621	842	2024-05-05T14:20		8500
119109631	842	2024-05-01T22:20		8500
119109633	842	2024-05-01T22:20		8500
119109634	842	2024-05-01T22:20		8500
119109655	842	2024-05-01T22:20		0
119122024	842	2024-05-10T20:40	8000	10200
119122025	842	2024-05-10T20:40	8000	10200
119122026	842	2024-05-10T20:40	8000	10200
119122027	842	2024-05-10T20:40	8000	10200
119254209	842	2024-04-19T22:30		0
119490729	842	2024-04-19T17:30		0
119673193	842	2024-05-30T11:45	300	3400
119941882	842	2024-06-16T21:20		0
119941883	842	2024-06-15T08:40		0
119941884	842	2024-06-15T09:40		0
120015186	842	2024-06-17T09:30		0
119035067	843	2024-05-05T23:00	3000	10200
119384300	843	2024-05-20T20:25		10200
119384312	843	2024-05-20T20:25		10200
119414178	843	2024-05-20T20:25		10200
119414183	843	2024-05-26T01:50	100	5100
119418344	843	2024-05-21T19:45	3000	5100
119537266	843	2024-05-27T18:10	3000	0
119537267	843	2024-05-27T18:10	3000	0
119545797	843	2024-05-05T23:00	3000	10200
119545798	843	2024-05-05T23:00	3000	10200
119585448	843	2024-05-31T18:55	3000	0
119704352	843	2024-06-07T22:20	3000	5100
119829297	843	2024-06-09T20:15		10200
119829299	843	2024-06-09T20:15		10200
119829302	843	2024-06-09T20:15	3000	
119834136	843	2024-06-09T20:15		0
119859636	843	2024-05-19T12:50	20	
119859637	843	2024-05-19T12:50	20	8500
119899278	843	2024-05-30T16:00	3000	0
119974470	843	2024-06-15T17:30	800	10200
119974474	843	2024-06-15T17:00	800	0
119513627	845	2024-05-27T18:10	3000	8500
119513629	845	2024-05-27T18:10	3000	8500
119513633	845	2024-05-27T18:10	3000	8500
119152391	850	2024-05-15T17:20	1000	8500
119152395	850	2024-05-15T17:20		10200
119195512	850	2024-05-17T22:20	2000	10200
119195513	850	2024-05-17T22:20	2000	10200
119224960	850	2024-05-17T22:20	2000	8500
119006464	851	2024-05-02T01:30	100	10200
119319309	856	2024-05-24T05:45	2000	5100
119897445	86	2024-04-16T11:00	1100	8500
118884816	862	2024-04-28T04:30	1000	5100
119477346	865	2024-05-15T12:15		10200
119490714	865	2024-05-29T11:55	3000	8500
119704341	865	2024-05-29T11:55	3000	8500
119324843	866	2024-05-16T15:50	8000	3400
119490710	866	2024-05-26T01:45	3500	8500
119490711	866	2024-05-26T01:45	3500	8500
119587732	866	2024-04-15T16:40	4000	3400
120107405	867	2024-06-24T13:30		10200
120107406	867	2024-06-24T13:30		10200
118888781	871	2024-05-05T17:15		8500
118888782	871	2024-05-05T17:15		8500
118914808	871	2024-05-03T13:20		3400
119704333	871	2024-05-09T09:20	200	3400
118811377	876	2024-04-22T07:30	600	8500
118944164	876	2024-04-22T07:30	600	8500
119477337	876	2024-05-16T14:35	4000	8500
119585456	876	2024-06-03T07:15	700	10200
119629862	876	2024-06-03T07:15	700	10200
119708312	876	2024-05-16T14:35	4000	8500
119735260	876	2024-06-03T07:15	700	8500
120069538	876	2024-06-21T18:50		1700
120069540	876	2024-06-21T18:50		1700
120069542	876	2024-06-21T18:50		1700
120069544	876	2024-06-22T15:40	4500	
119324839	877	2024-05-17T07:00	900	3400
119704344	877	2024-05-31T19:45	700	3400
120097126	878	2024-06-21T05:20	700	8500
120097127	878	2024-06-21T05:20	700	8500
120097128	878	2024-06-21T05:20	700	8500
118814118	881	2024-05-02T02:10		8500
118814119	881	2024-05-02T02:10		8500
118814120	881	2024-05-02T02:10		8500
118859061	881	2024-05-02T02:10		8500
118859062	881	2024-05-02T02:10		8500
119324836	888	2024-05-20T01:35	200	8500
119324837	888	2024-05-20T00:20	50	8500
119324838	888	2024-05-20T00:20	50	8500
119477342	888	2024-05-20T01:35	200	8500
119490712	888	2024-05-20T00:20	50	8500
119132239	89	2024-04-20T21:00	1500	0
119119690	892	2024-05-15T09:15	300	8500
119119691	892	2024-05-15T09:15	300	8500
119119686	893	2024-05-15T22:50		3400
119119687	893	2024-05-14T08:40		3400
119224955	893	2024-05-03T00:40		3400
119319300	893	2024-05-22T17:50	4500	0
119319301	893	2024-05-22T17:50	4500	0
119418332	893	2024-05-17T21:35	4500	0
119704336	893	2024-05-30T11:30	6000	3400
119704338	893	2024-05-28T12:30	6000	8500
119704339	893	2024-05-28T12:30	6000	8500
118888777	895	2024-05-05T02:10	300	8500
118888779	895	2024-05-05T02:10	300	8500
118944167	896	2024-04-25T01:20	600	3400
119704335	896	2024-05-18T15:40	400	3400
119055998	9	2024-01-05T01:00	500	
119451385	90	2024-04-16T01:35	2000	3400
119521580	90	2024-04-07T13:50	300	3400
118884780	901	2024-04-09T23:00	5000	8500
118888775	901	2024-05-04T03:00	40	3400
118914803	901	2024-05-02T03:40		8500
118914804	901	2024-05-02T03:40		8500
119119688	901	2024-05-09T21:40		8500
119119689	901	2024-05-09T21:40		8500
118745055	902	2024-04-27T23:20		8500
118944165	902	2024-04-27T23:20	2000	8500
119324835	902	2024-05-18T06:15	4500	8500
119477343	902	2024-05-18T06:15	4500	8500
119119685	903	2024-05-07T00:50		3400
119119692	903	2024-05-10T13:40		8500
119119693	903	2024-05-10T13:40		8500
119119694	903	2024-05-07T05:30		8500
119119695	903	2024-05-07T05:30		8500
119119696	903	2024-05-07T05:30		8500
119708313	903	2024-05-10T13:40	4000	8500
119324833	904	2024-05-16T22:50	4000	8500
119324834	904	2024-05-16T22:50	4000	8500
119324840	904	2024-05-16T12:30	4000	3400
119324841	904	2024-05-18T15:30	4000	3400
119324842	904	2024-05-16T22:50	4000	8500
119477335	904	2024-05-22T08:10	5	8500
119477336	904	2024-05-22T08:10	5	8500
119477339	904	2024-05-18T21:40	4000	8500
119477340	904	2024-05-18T21:40	4000	8500
119477341	904	2024-05-16T22:50	4000	8500
119477344	904	2024-05-22T08:10	5	8500
119490708	904	2024-05-09T09:00	6000	0
119490709	904		6000	0
119490713	904	2024-05-30T20:30	4000	3400
119549574	904	2024-05-16T21:40	4000	8500
119704332	904	2024-05-26T23:15	4000	3400
119704334	904	2024-05-31T12:10	4000	3400
119704340	904	2024-05-18T21:40	4000	8500
118827927	905	2023-12-02T14:50	2000	0
118888895	905	2024-03-16T10:20	2000	0
119284474	905	2024-03-12T16:30	2000	0
119446354	905	2024-05-23T19:10		8500
119477338	905	2024-05-19T07:45	30	3400
119513753	905	2024-05-28T20:10	26000	8500
119704337	905	2024-06-01T00:40	3000	8500
119727073	905	2024-05-28T20:10	26000	8500
119727074	905	2024-05-28T20:10	26000	8500
119735244	905	2024-06-01T00:40	3000	8500
119793533	905	2024-05-11T15:35	2000	3400
119948247	905	2024-05-28T20:10	26000	0
119974496	905	2024-06-18T10:50	2000	0
120015245	905	2024-06-22T14:50	2000	0
118917902	906	2024-02-20T16:00	5000	8500
119109879	906	2024-02-20T16:00	5000	0
119289102	906	2024-02-20T16:00	5000	0
119132266	91	2024-02-25T13:55	1500	0
119359079	91	2024-04-14T22:45	900	3400
120072404	91	2024-04-28T23:45	50	3400
119597258	913	2024-03-24T02:30	600	8500
119821212	913	2024-06-11T21:20	500	8500
119821213	913	2024-06-11T21:20	500	8500
119851739	913	2024-06-08T10:10	100	8500
119767348	914	2024-05-11T15:25	30	3400
118745184	919	2024-04-25T12:10		0
118745185	919	2024-04-25T07:20		0
118745186	919	2024-04-20T20:10		0
118745187	919	2024-04-25T18:35		0
118769403	919	2024-04-26T16:15		0
118777076	919	2024-04-01T20:20		0
118777077	919	2024-04-07T11:15		0
118777078	919	2024-04-05T10:05		0
118777085	919	2024-04-02T13:35		0
118833780	919	2024-04-29T08:40		0
118833781	919	2024-04-27T23:35		0
118833782	919	2024-04-30T10:50		0
118859168	919			0
119003336	919	2024-05-07T13:15		0
119003337	919	2024-05-01T13:30		0
119003338	919	2024-05-01T13:30		0
119003339	919	2024-05-02T17:35		0
119003340	919	2024-05-09T06:50		0
119003341	919	2024-05-06T11:30		0
119003342	919	2024-05-06T14:10		0
119003348	919	2024-05-06T06:55		3400
119003349	919	2024-05-03T22:40		0
119006565	919	2024-05-02T07:15		0
119006566	919	2024-05-02T17:35		0
119006567	919	2024-05-06T14:10		0
119006568	919	2024-05-06T14:10		0
119035153	919	2024-05-09T16:50		0
119039953	919	2024-05-15T11:40		0
119056000	919	2024-05-15T11:00		0
119110341	919	2024-04-19T06:25		0
119222294	919	2024-05-17T07:30		0
119222295	919	2024-05-15T17:20		0
119222296	919	2024-05-16T16:55		0
119222297	919	2024-05-17T08:30		0
119222298	919	2024-05-16T16:55		0
119222299	919	2024-05-17T07:30		0
119222300	919	2024-05-17T05:05		0
119222301	919	2024-05-15T04:00		0
119232915	919	2024-05-10T14:35		0
119232916	919	2024-05-23T14:30		0
119232917	919	2024-05-23T14:20		0
119254361	919	2024-05-16T16:55		0
119284599	919	2024-04-27T23:35		0
119284600	919	2024-05-24T13:50		0
119284601	919	2024-05-24T13:10		0
119284603	919	2024-05-24T11:10		0
119284609	919	2024-05-24T14:40		0
119284610	919	2024-05-10T14:35		0
119284612	919	2024-04-17T06:50		0
119284618	919	2024-05-10T18:15		0
119284619	919	2024-05-24T11:20		0
119284620	919	2024-05-10T18:15		0
119289178	919	2024-05-19T07:25		3400
119289181	919			0
119289182	919	2024-05-18T04:55		0
119319417	919	2024-05-02T07:50		0
119358605	919	2024-05-28T09:30		0
119358608	919	2024-05-28T10:20		0
119358609	919	2024-05-28T10:40		0
119358610	919	2024-05-28T10:50		0
119384437	919	2024-05-26T07:25		3400
119418441	919	2024-05-30T13:30		0
119418442	919	2024-05-30T13:50		0
119418443	919	2024-05-30T13:40		0
119454575	919	2024-05-17T17:25		0
119513746	919	2024-06-03T11:10		0
119513749	919	2024-06-03T09:30		0
119513750	919	2024-06-03T09:50		0
119545930	919	2024-05-29T06:25		0
119545931	919	2024-05-29T06:25		0
119545932	919	2024-05-29T06:25		0
119545933	919	2024-05-29T06:25		0
119643082	919	2024-06-11T10:30		0
119643084	919	2024-06-11T10:50		0
119682421	919	2024-06-12T11:30		0
119695717	919	2024-06-05T22:50		0
119727072	919	2024-06-04T07:30		0
119727084	919	2024-04-21T06:20		0
119829427	919	2024-06-03T00:10		0
119829428	919	2024-06-03T00:10		0
119834382	919	2024-05-14T04:45		0
119834388	919	2024-05-13T13:55		0
119834394	919	2024-05-10T18:00		0
119834396	919	2024-05-10T18:00		0
119834398	919	2024-05-10T18:00		0
119851780	919	2024-06-09T17:50		0
119859806	919	2024-06-15T06:05		3400
119859807	919	2024-06-11T23:45		0
119859808	919	2024-06-12T06:50		3400
119859809	919	2024-06-14T07:10		0
119859811	919	2024-06-13T02:25		3400
119859812	919	2024-06-12T13:00		0
119910558	919	2024-05-30T19:50		3400
119910559	919	2024-05-29T11:30		0
119986671	919	2024-04-07T07:50		3400
120019343	919	2024-06-19T18:10		0
120019365	919	2024-06-26T14:40		0
120019367	919	2024-06-26T14:50		0
120019369	919	2024-06-26T16:30		0
120038507	919	2024-06-26T15:00		0
120038508	919	2024-06-26T15:50		0
120038512	919	2024-06-26T15:20		0
120038513	919	2024-06-26T16:00		0
120038514	919	2024-06-26T15:40		0
120038515	919	2024-06-26T16:20		0
120097130	919	2024-06-26T15:30		0
119230500	92	2024-04-13T22:30	50	8500
119438849	92	2024-04-19T05:00	10	3400
119832630	92	2024-04-13T22:30	50	8500
119132241	96	2024-04-15T15:25		8500
119132243	96	2024-04-15T15:25		8500
119904361	983	2024-05-26T18:15	7000	0
118722936				-1
118722937				-1
118723148		2024-05-01T13:30		-1
118737744		2022-10-17T12:00		0
118737819			300	3400
118739906		2024-05-02T09:00		-1
118739938		2023-04-20T18:40		0
118776899				-1
118777004				-1
118803159				0
118833758				
118834564		2024-04-30T14:15		0
118848436				0
118848459				
118848815		2024-04-02T17:30		3400
118848859		2024-04-21T16:40	250	8500
118857067				-1
118857070				-1
118858262				3400
118877000		2024-03-29T00:10		0
118878135				-1
118878137				-1
118879684				-1
118879696				-1
118888770				-1
118891659				-1
118891661				-1
118906933				0
118914825		2024-04-15T16:40	4000	3400
118922688		2024-04-26T12:18		3400
118937007		2024-03-19T08:00		3400
118949681				-1
118964249				
118964250				
118966819				-1
118966821				-1
118966822				-1
118966825				-1
118966826				-1
118966827				-1
118996295				-1
118996296				-1
118996297				-1
118996299				-1
118996300				-1
118996343		2024-03-10T02:30		3400
118996439				-1
118997995				-1
118997996				-1
118997997				-1
118997998				-1
118997999				-1
119003251		2024-05-03T14:40		0
119003256		2024-03-31T10:30		3400
119006467		2024-05-02T17:30		3400
119006530		2024-04-25T12:25		0
119014995		2024-02-10T17:30		0
119015996		2024-04-14T11:10	1000	3400
119028041		2024-05-04T14:30		3400
119028436				
119057370		2024-04-01T18:30		3400
119058831				-1
119058833				-1
119058834				-1
119058835				-1
119058837				-1
119064498				-1
119064499				-1
119064614		2024-04-24T14:35	3000	
119080480		2024-04-02T12:10	50	8500
119086127				-1
119086254		2024-05-22T09:30		-1
119109656				-1
119109874		2024-02-16T11:50		0
119110025		2024-02-24T08:05		0
119123213		2024-03-01T10:30		8500
119123214		2024-02-23T13:35		8500
119123334				
119132633		2024-04-07T18:18	650	8500
119147906		2024-04-22T00:05		0
119148706		2024-04-13T15:04		0
119148707		2024-04-17T19:50		0
119148708		2024-04-29T12:40		0
119148709		2024-05-14T14:00		0
119148710		2024-04-14T14:00		0
119148711		2024-04-20T09:30		0
119148712		2024-04-23T21:40		0
119148713		2024-03-03T20:00		0
119148714		2024-04-28T15:00		0
119148715		2024-04-28T15:00		0
119148716		2024-04-20T16:30		0
119148717		2024-04-04T11:00		0
119148718		2024-04-23T21:40		0
119148777		2024-05-22T10:00		-1
119148778		2024-05-22T09:50		-1
119152441		2024-02-25T11:35		0
119159847		2024-03-02T08:10		0
119159858				
119161445		2024-04-21T16:40	250	8500
119182894		2024-04-19T17:20		0
119182899		2024-04-21T16:40	250	8500
119184802				0
119184804				0
119190071		2024-05-17T14:45	700	3400
119195518				0
119195519				0
119195520				0
119219633		2024-05-28T17:00		-1
119224958		2024-05-17T06:35	800	3400
119237042				-1
119257716		2024-04-04T19:15		0
119257721		2024-04-07T17:45		0
119284426				0
119287983		2024-05-27T16:20		-1
119289111		2024-05-03T18:20		0
119289183		2023-09-05T18:30		0
119289788				
119289903				8500
119289958		2024-05-28T15:40		-1
119290037		2024-03-20T21:30		3400
119311605		2024-03-15T09:50		3400
119311658				0
119311659		2024-05-16T12:50		0
119311664		2024-05-23T08:50		0
119311665		2024-04-13T08:00		0
119311667		2024-05-18T08:00		0
119311670				0
119311775		2024-05-12T14:40	700	3400
119313525		2024-03-21T14:50		0
119313559		2024-05-18T13:30		0
119313560		2024-05-18T08:00		0
119313561		2024-05-18T06:30		0
119313562		2024-04-30T00:10		0
119313563		2024-05-11T11:40		0
119313565		2024-05-19T11:30		
119313569		2024-05-19T11:30		
119323614		2024-04-27T20:10		3400
119323958		2024-05-13T16:20	30	8500
119323964		2024-05-13T16:20	30	8500
119342560		2024-03-12T15:45		3400
119342572				
119342580		2024-05-18T12:15	500	8500
119346605		2024-05-23T11:15		
119346758				-1
119353972		2024-05-24T03:00		3400
119358562				
119358563				
119359084				-1
119377295				-1
119377337				-1
119384286		2024-05-05T11:25		8500
119384288		2024-05-05T11:25		8500
119384289		2024-05-15T12:15		8500
119384291		2024-05-15T14:30		8500
119384293		2024-05-15T14:30		8500
119384295		2024-05-11T10:10		3400
119384314				10200
119389657		2024-05-22T14:40		0
119389661		2024-05-24T09:20		0
119389662				0
119390039				-1
119405996		2024-02-25T11:30		0
119414221		2024-02-24T08:05		8500
119414222		2024-03-07T00:10		8500
119414223		2024-04-22T22:10		3400
119418345		2024-05-24T06:40		3400
119438805				0
119438819		2024-03-11T02:02	10	8500
119438820		2024-03-11T22:45	10	8500
119438823				-1
119438843		2024-04-14T23:00		3400
119438844				0
119438846				0
119438848				0
119438857				0
119438858				0
119438860				0
119438862				0
119438875				0
119438876				0
119438877				0
119438878				0
119438879				0
119438880				0
119438881				0
119438882				0
119438883				0
119438884				0
119446319				-1
119446367				-1
119451356				0
119451360				0
119451362				0
119451364				0
119451366				0
119451367				0
119451369				0
119451373				0
119451377				0
119451396				0
119451398				0
119454593				-1
119454594				8500
119471200				-1
119471208				0
119471213				-1
119477371				
119477426				-1
119488004				3400
119488203		2024-06-04T16:30		-1
119488204				0
119490736		2024-05-28T19:00		3400
119504495				-1
119505752				-1
119505753				-1
119508642				-1
119516724				0
119516725				0
119516726				0
119517530				0
119517531				0
119517532				0
119517533				0
119521651		2024-05-20T13:45		0
119538173		2024-05-11T11:40		0
119538174		2024-05-22T14:40		0
119538175		2024-05-24T14:30		0
119538290				3400
119538293				8500
119545801				
119545806				-1
119550731		2024-05-27T01:00		0
119550732		2024-05-22T14:40		0
119550735		2024-05-18T15:50		0
119550736		2024-05-28T08:00		0
119550737		2024-05-27T01:00		0
119550740		2024-05-27T01:00		0
119568462				-1
119568478		2024-03-08T13:00		3400
119577562		2024-04-25T15:55		3400
119585447				-1
119585545				-1
119585546				-1
119585547				-1
119585548				-1
119585549				-1
119585550				-1
119585606				-1
119595590		2024-04-27T12:25	5000	8500
119596777				3400
119600014		2024-05-14T04:30	50	13600
119605298				-1
119605302		2024-05-30T11:10		-1
119605313				-1
119605318				-1
119605320				-1
119605335				-1
119605438		2024-05-05T21:45		0
119605439		2024-05-05T21:45		0
119605440		2024-01-26T15:00		0
119605441		2024-05-17T13:30		0
119605442		2024-05-21T13:20		0
119605443		2024-05-24T10:15		0
119605511		2024-05-11T21:32		0
119609869				8500
119610021				-1
119610067		2024-06-12T13:30		-1
119610114		2024-04-21T16:40	250	8500
119629856		2024-05-30T11:10		-1
119629858		2024-05-31T20:45		-1
119630307				-1
119630334		2024-05-23T16:00		0
119630335		2024-05-18T15:40		0
119630336				0
119630341				0
119630447				8500
119633033				-1
119639094				-1
119639178		2024-05-11T21:32		0
119651165		2024-06-06T08:50	7000	10200
119651441				
119651443		2024-05-04T18:15	100	8500
119663841			30000	0
119663842			30000	0
119663843			25000	0
119664664		2024-05-14T09:45	1000	8500
119664727				8500
119693826		2024-05-17T12:20		8500
119696089		2024-05-17T20:35	500	3400
119696125		2024-05-28T11:45		10200
119698173		2024-06-06T05:20		0
119698174		2024-06-01T16:15		0
119698175		2024-05-31T10:30		0
119698177		2024-06-07T07:30		0
119698178		2024-05-30T16:50		0
119704409		2024-05-12T13:00		0
119708321		2024-06-08T15:30		3400
119727001			30000	0
119727003			18000	0
119727004			30000	0
119727005			30000	0
119727006				
119727007		2024-05-07T13:35	30000	0
119727008		2024-05-29T12:30	30000	0
119727009		2024-05-24T16:40	30000	0
119735273		2024-05-16T17:40		10200
119742147		2024-05-18T22:00		3400
119742164		2024-05-04T16:53	1300	8500
119754249				-1
119754293		2024-05-16T14:30		0
119754294		2024-05-15T18:30		0
119756972				-1
119759581		2024-06-18T11:00		-1
119759582		2024-06-18T11:00		-1
119761800		2024-06-05T13:30		-1
119766339				-1
119766407		2024-06-06T06:17		0
119766409		2024-06-10T14:00		0
119766410		2024-06-06T05:40		0
119766411		2024-06-11T09:30		0
119766412		2024-06-10T09:45		0
119766413		2024-06-10T09:45		0
119766415		2024-06-10T09:45		0
119766416		2024-06-10T09:45		0
119766417		2024-05-11T11:40		0
119767313		2024-06-10T20:20		8500
119793462			18000	0
119793464			30000	0
119819898				0
119819900				0
119819924				-1
119819945		2024-01-22T12:25		8500
119821252		2024-01-22T12:25	50	0
119829314		2024-04-24T19:00		0
119829315		2024-04-26T13:20	75000	0
119829333		2024-04-24T19:00		0
119829375		2024-05-02T23:13		0
119834174		2024-04-26T13:20		0
119834204		2024-06-21T10:15		
119849663		2024-04-26T19:00		0
119852408				-1
119859689		2024-04-20T00:05		0
119859789		2024-02-21T10:00		
119863878				3400
119881311				3400
119881312				3400
119881314				0
119882437			30000	0
119882490		2024-05-02T23:13		0
119883206		2024-06-21T10:30		-1
119883227		2024-06-25T10:40		-1
119892298				0
119897533		2024-05-30T16:50		0
119897534		2024-06-12T00:10		0
119897535		2024-06-12T00:10		0
119897536		2024-06-11T13:50		0
119897537		2024-06-06T13:30		0
119897538		2024-06-11T13:50		0
119899239			12000	0
119917779			30000	0
119917871		2024-06-01T11:35		-1
119922504		2024-06-15T12:45	1000	3400
119941429				-1
119948204		2024-04-30T11:10		0
119948205		2024-02-22T12:25	50	0
119952515		2024-06-26T16:40		-1
119953758		2024-06-01T11:00		0
119953759		2024-06-01T11:15		0
119953768		2024-06-20T08:25	20000	8500
119953769		2024-06-20T08:25	20000	8500
119955598				-1
119974109		2024-04-28T17:00	15000	
119974458		2024-06-11T15:25	30000	0
119974459		2024-06-12T19:10	30000	0
119974460		2024-06-15T22:00	4900	0
119974461		2024-06-12T19:10	30000	0
119974497		2024-05-27T10:45		0
119974499		2024-05-27T11:30		-1
119974682				8500
119975356				8500
119975357				8500
119977522		2024-06-17T10:55		0
119977524		2024-06-17T14:00		0
119977525		2024-06-14T06:05		0
119977529		2024-06-19T06:00		0
119977531		2024-06-19T07:40		0
119977533		2024-06-14T14:25		0
119980232			30000	0
119980234				
119980235		2024-06-15T21:00	30000	0
119980314		2024-05-15T18:30		0
119986575		2024-05-06T08:05	30000	3400
120004526				0
120008012		2024-07-15T15:00		-1
120008036		2024-06-19T00:05		0
120008037		2024-06-15T04:55		0
120008038		2024-06-06T06:40		0
120008039		2024-06-07T09:00		0
120008040		2024-06-22T10:00		0
120008041		2024-06-17T10:55		0
120008042		2024-06-14T14:25		0
120008043		2024-06-14T14:25		0
120008044		2024-06-14T14:25		0
120008045		2024-06-22T21:05		0
120008046		2024-06-22T21:05		0
120008047		2024-06-06T06:45		0
120008048		2024-06-06T06:45		0
120008049		2024-06-06T06:45		0
120008160				-1
120008170				
120015146		2024-07-08T09:45		
120015164		2024-06-14T13:30	30000	0
120015165		2024-06-15T22:00	4900	0
120015166			30000	0
120015167		2024-06-15T17:00	30000	0
120015168		2024-06-15T17:00	30000	0
120015169		2024-06-14T11:15	4900	0
120015170		2024-06-14T17:00	30000	0
120015171		2024-06-15T17:00	30000	0
120019315		2024-05-02T21:40		0
120019317		2024-05-15T18:30		8500
120039843		2024-06-17T18:35		0
120045892		2024-07-03T11:00		-1
120045918		2024-05-28T21:40	300	8500
120045954		2024-06-18T10:20		0
120069539				-1
120069541				-1
120069543				-1
120069560		2024-05-19T11:30		0
120069861		2024-07-03T11:30		-1
120072469				-1
120074861		2024-07-01T14:00		-1
120074862		2024-07-01T14:00		-1
120077191		2024-02-27T20:40		0
120081050		2024-06-05T14:50	50	0
120081442				
120081511		2024-06-25T05:15		0
120081512		2024-06-26T14:33		0
120081513		2024-06-25T08:15		0
120081517		2024-06-25T09:00		0
120081518		2024-06-12T09:35		0
120081523		2024-06-25T13:25		0
120081527		2024-06-08T09:45		0
120081537		2024-06-08T09:45		0
120081543		2024-06-08T09:45		0
120107530				-1
120107532				-1
